2 2 263 6 50.0
0 4 255 7 50.0
1 2 281 9 50.0
3 3 310 8 50.0
1 7 278 7 50.0
0 6 288 8 50.0
2 5 259 7 50.0
0 10 150 10 31.5
1 9 234 10 48.0
3 8 219 10 45.0
1 13 239 10 45.2
0 12 220 10 45.2
2 11 157 10 31.0
0 16 257 5 50.0
1 15 282 7 50.0
3 14 177 10 33.3
1 19 253 7 50.0
0 18 248 5 50.0
2 17 245 6 50.0
0 22 280 7 50.0
1 21 250 6 50.0
1 25 164 10 30.0
1 26 230 10 42.8
3 20 260 6 50.0
3 28 245 8 50.0
3 29 264 9 50.0
1 27 247 10 44.5
0 24 208 10 41.2
2 23 270 4 50.0
0 32 230 10 48.3
1 31 286 9 50.0
3 30 287 10 49.2
3 36 261 8 50.0
1 35 284 7 50.0
0 34 227 8 50.0
2 33 282 3 50.0
2 40 136 10 36.3
2 41 266 8 50.0
2 42 244 3 50.0
0 39 259 4 50.0
1 38 278 8 50.0
3 37 187 10 37.0
1 45 228 10 45.8
0 44 268 5 50.0
2 43 300 6 50.0
2 49 101 10 20.7
2 50 241 10 49.8
2 51 145 10 27.7
0 48 259 7 50.0
1 47 243 9 50.0
3 46 216 10 43.3
1 54 270 8 50.0
0 53 253 8 50.0
2 52 248 9 50.0
0 57 211 7 50.0
1 56 265 7 50.0
3 55 268 9 50.0
1 60 239 6 50.0
0 59 185 10 34.2
2 58 161 10 34.2
0 63 260 6 50.0
1 62 232 4 50.0
3 61 298 9 50.0
1 66 224 10 42.0
0 65 240 8 50.0
2 64 243 10 43.7
0 69 223 10 46.8
1 68 227 5 50.0
3 67 268 7 50.0
1 72 272 10 45.3
0 71 296 7 50.0
2 70 258 8 50.0
0 75 257 8 50.0
1 74 234 5 50.0
3 73 252 7 50.0
1 78 268 7 50.0
0 77 168 10 28.3
2 76 246 7 50.0
0 81 272 8 50.0
1 80 229 10 47.2
3 79 114 10 25.8
1 84 313 6 50.0
0 83 240 7 50.0
2 82 265 4 50.0
0 87 301 4 50.0
1 86 259 10 47.5
3 85 308 7 50.0
1 90 255 8 50.0
0 89 280 10 49.7
2 88 231 10 47.0
0 93 251 5 50.0
1 92 225 9 50.0
3 91 239 9 50.0
1 96 223 9 50.0
0 95 253 7 50.0
2 94 197 10 42.2
0 99 257 6 50.0
1 98 126 10 27.8
3 97 138 10 27.0
1 102 260 7 50.0
0 101 247 9 50.0
2 100 258 10 49.8
0 105 297 4 50.0
1 104 274 10 50.0
3 103 246 9 50.0
1 108 189 10 39.3
0 107 266 8 50.0
2 106 249 8 50.0
0 111 132 10 29.0
1 110 249 8 50.0
3 109 200 10 36.7
1 114 266 4 50.0
0 113 250 5 50.0
2 112 278 9 50.0
0 117 262 5 50.0
1 116 255 5 50.0
3 115 289 6 50.0
1 120 245 7 50.0
0 119 241 8 50.0
2 118 273 9 50.0
0 123 228 5 50.0
1 122 229 10 43.5
3 121 194 10 39.0
1 126 237 4 50.0
0 125 233 6 50.0
2 124 268 6 50.0
0 129 256 9 50.0
1 128 237 5 50.0
3 127 302 10 50.0
1 132 216 10 40.5
0 131 263 9 50.0
2 130 262 6 50.0
0 135 251 6 50.0
1 134 198 10 39.7
3 133 135 10 30.8
1 138 220 10 45.2
0 137 228 6 50.0
2 136 261 9 50.0
0 141 270 10 49.7
1 140 222 10 45.7
3 139 267 8 50.0
1 144 207 10 43.8
0 143 198 10 39.3
2 142 268 7 50.0
0 147 209 10 46.0
1 146 247 8 50.0
3 145 216 10 45.5
1 150 204 10 40.3
0 149 166 10 30.5
2 148 180 10 34.7
0 153 252 9 50.0
1 152 285 5 50.0
1 156 256 9 50.0
1 157 214 10 38.5
1 158 192 10 35.8
1 159 275 6 50.0
1 160 235 10 43.3
1 161 199 10 42.3
1 162 213 10 44.2
1 163 242 5 50.0
1 164 261 9 50.0
1 165 243 6 50.0
1 166 171 10 38.3
1 167 264 2 50.0
1 168 245 6 50.0
1 169 224 8 50.0
1 170 145 10 30.2
1 171 255 8 50.0
1 172 261 4 50.0
1 173 262 6 50.0
1 174 281 7 50.0
1 175 210 10 45.3
1 176 250 8 50.0
1 177 251 5 50.0
1 178 221 6 50.0
1 179 266 5 50.0
1 180 178 10 37.5
1 181 184 10 42.3
1 182 247 7 50.0
1 183 229 9 50.0
1 184 222 5 50.0
1 185 236 10 43.8
1 186 241 10 44.0
3 151 192 10 37.0
1 187 265 5 50.0
0 155 240 9 50.0
2 154 225 8 50.0
0 190 228 8 50.0
1 189 244 9 50.0
3 188 262 2 50.0
1 193 240 10 43.8
0 192 240 5 50.0
2 191 230 5 50.0
0 196 268 5 50.0
1 195 218 10 42.7
3 194 222 7 50.0
1 199 253 10 49.7
0 198 238 3 50.0
2 197 225 10 46.0
0 202 225 4 50.0
1 201 222 10 45.2
3 200 271 9 50.0
1 205 149 10 28.2
0 204 225 10 43.7
2 203 259 4 50.0
0 208 241 7 50.0
1 207 252 8 50.0
3 206 293 8 50.0
1 211 192 10 35.5
0 210 213 10 45.0
2 209 252 8 50.0
0 214 294 7 50.0
1 213 228 10 45.2
3 212 266 5 50.0
1 217 250 4 50.0
0 216 238 5 50.0
2 215 269 7 50.0
0 220 268 9 50.0
1 219 192 10 37.5
3 218 266 9 50.0
1 223 186 10 32.5
0 222 254 7 50.0
2 221 218 10 43.5
0 226 289 9 50.0
1 225 284 6 50.0
3 224 245 8 50.0
1 229 263 10 46.7
0 228 243 9 50.0
2 227 186 10 34.7
0 232 225 10 46.2
1 231 280 6 50.0
3 230 240 7 50.0
1 235 282 9 50.0
0 234 286 9 50.0
2 233 195 10 37.2
0 238 245 9 50.0
1 237 97 10 21.7
3 236 223 10 47.3
1 241 191 10 38.7
0 240 234 9 50.0
2 239 252 6 50.0
0 244 244 5 50.0
1 243 243 10 47.0
3 242 230 5 50.0
3 248 157 10 32.3
1 247 241 4 50.0
0 246 166 10 33.5
2 245 274 8 50.0
0 251 240 9 50.0
1 250 220 10 43.0
3 249 273 9 50.0
1 254 267 6 50.0
0 253 235 10 45.3
2 252 276 10 49.0
0 257 263 10 48.7
1 256 245 10 43.5
3 255 266 9 50.0
1 260 253 5 50.0
0 259 191 10 33.0
2 258 234 4 50.0
0 263 206 7 50.0
1 262 184 10 36.5
3 261 259 10 48.2
1 266 210 10 43.3
0 265 209 10 48.2
2 264 272 8 50.0
0 269 250 6 50.0
1 268 242 8 50.0
3 267 256 10 48.2
1 272 229 5 50.0
0 271 217 6 50.0
2 270 268 5 50.0
0 275 251 8 50.0
1 274 269 8 50.0
3 273 279 6 50.0
1 278 298 8 50.0
0 277 251 10 45.7
2 276 263 3 50.0
0 281 297 8 50.0
1 280 255 8 50.0
3 279 206 10 41.5
1 284 193 10 32.2
0 283 253 10 49.5
2 282 221 10 43.7
0 287 272 2 50.0
1 286 261 9 50.0
3 285 246 9 50.0
1 290 241 10 45.8
0 289 256 10 49.5
2 288 274 9 50.0
0 293 229 7 50.0
1 292 256 6 50.0
3 291 236 7 50.0
1 296 238 5 50.0
0 295 250 10 48.3
2 294 206 10 42.0
0 299 146 10 32.0
1 298 267 6 50.0
3 297 281 7 50.0
1 302 259 10 43.7
0 301 302 7 50.0
2 300 274 6 50.0
0 305 243 10 42.7
1 304 260 7 50.0
3 303 264 9 50.0
1 308 274 4 50.0
0 307 314 8 50.0
2 306 189 10 36.7
0 311 148 10 30.2
1 310 289 7 50.0
3 309 128 10 23.3
1 314 257 8 50.0
0 313 173 10 37.2
2 312 255 4 50.0
0 317 286 8 50.0
1 316 268 7 50.0
3 315 257 6 50.0
1 320 261 6 50.0
0 319 294 5 50.0
2 318 244 10 46.3
0 323 254 7 50.0
1 322 269 5 50.0
3 321 233 10 44.5
1 326 198 10 42.3
0 325 197 10 39.8
2 324 293 7 50.0
0 329 252 10 46.3
1 328 315 9 50.0
3 327 269 9 50.0
1 332 272 8 50.0
0 331 239 10 47.3
2 330 212 10 44.0
0 335 271 9 50.0
1 334 248 2 50.0
3 333 161 10 35.7
1 338 265 9 50.0
0 337 283 6 50.0
2 336 254 5 50.0
0 341 235 7 50.0
1 340 283 3 50.0
3 339 261 3 50.0
1 344 267 7 50.0
0 343 180 10 37.8
2 342 208 10 41.2
0 347 235 10 43.3
1 346 96 10 19.7
3 345 268 7 50.0
1 350 218 10 40.7
0 349 249 3 50.0
2 348 274 3 50.0
0 353 255 8 50.0
1 352 235 6 50.0
3 351 276 6 50.0
1 356 176 10 31.3
0 355 285 6 50.0
2 354 262 6 50.0
0 359 258 4 50.0
1 358 288 7 50.0
3 357 265 5 50.0
1 362 260 10 49.2
0 361 271 7 50.0
2 360 277 8 50.0
0 365 192 10 43.5
1 364 239 6 50.0
3 363 207 9 50.0
1 368 233 7 50.0
0 367 268 5 50.0
2 366 257 10 47.0
0 371 247 6 50.0
1 370 269 9 50.0
3 369 267 3 50.0
1 374 295 5 50.0
0 373 261 5 50.0
2 372 219 6 50.0
0 377 258 10 44.2
1 376 268 9 50.0
3 375 171 10 29.0
1 380 249 10 48.2
0 379 271 6 50.0
2 378 259 8 50.0
0 383 226 10 43.0
1 382 249 10 46.0
3 381 292 10 49.7
1 386 275 5 50.0
0 385 275 9 50.0
2 384 249 9 50.0
0 389 248 7 50.0
1 388 288 7 50.0
3 387 227 8 50.0
3 393 236 5 50.0
3 394 218 10 47.7
3 395 274 7 50.0
3 396 255 9 50.0
3 397 281 3 50.0
3 398 198 10 39.8
3 399 279 4 50.0
0 391 225 10 42.7
2 390 232 10 46.2
0 401 274 9 50.0
3 400 275 6 50.0
1 392 309 7 50.0
3 404 205 10 46.3
0 403 237 7 50.0
2 402 271 3 50.0
0 407 308 7 50.0
3 406 256 10 49.7
1 405 156 10 30.7
3 410 238 6 50.0
0 409 288 6 50.0
2 408 263 10 48.8
0 413 263 6 50.0
3 412 284 7 50.0
1 411 253 9 50.0
3 416 291 5 50.0
0 415 182 10 39.7
2 414 245 5 50.0
0 419 270 9 50.0
3 418 243 10 44.2
1 417 240 4 50.0
3 422 230 8 50.0
0 421 290 5 50.0
2 420 313 9 50.0
0 425 195 10 38.0
3 424 262 8 50.0
1 423 263 6 50.0
3 428 268 6 50.0
0 427 209 10 36.0
2 426 242 6 50.0
0 431 179 10 37.8
3 430 180 10 33.7
1 429 228 10 49.0
3 434 195 10 44.3
0 433 273 6 50.0
2 432 283 5 50.0
0 437 163 10 32.2
3 436 254 8 50.0
1 435 266 8 50.0
3 440 168 10 34.0
0 439 264 4 50.0
2 438 234 3 50.0
0 443 253 6 50.0
3 442 267 5 50.0
1 441 281 8 50.0
3 446 228 8 50.0
0 445 277 9 50.0
2 444 250 8 50.0
0 449 228 10 45.0
3 448 173 10 35.0
1 447 148 10 29.0
3 452 245 6 50.0
3 454 199 10 38.2
3 455 286 8 50.0
3 456 216 10 33.3
3 457 245 9 50.0
3 458 255 5 50.0
3 459 209 10 40.8
0 451 271 6 50.0
2 450 244 8 50.0
0 461 270 8 50.0
3 460 248 8 50.0
1 453 218 5 50.0
3 464 280 6 50.0
0 463 233 6 50.0
2 462 243 7 50.0
0 467 251 8 50.0
3 466 282 5 50.0
1 465 207 10 45.8
3 470 192 10 36.5
0 469 271 2 50.0
2 468 228 10 48.5
0 473 246 5 50.0
3 472 244 10 47.2
1 471 233 8 50.0
3 476 263 5 50.0
0 475 280 6 50.0
2 474 143 10 33.0
0 479 294 4 50.0
3 478 257 9 50.0
1 477 252 5 50.0
3 482 247 7 50.0
0 481 221 10 48.3
2 480 228 10 43.8
0 485 230 6 50.0
3 484 264 6 50.0
1 483 245 10 48.7
3 488 247 4 50.0
0 487 196 10 39.7
2 486 275 6 50.0
0 491 275 7 50.0
3 490 239 9 50.0
1 489 272 6 50.0
3 494 182 10 34.7
0 493 297 9 50.0
2 492 197 10 35.8
0 497 253 8 50.0
3 496 255 8 50.0
1 495 286 9 50.0
3 500 284 7 50.0
0 499 279 9 50.0
2 498 113 10 26.3
0 503 194 10 44.0
3 502 290 6 50.0
1 501 238 7 50.0
3 506 249 6 50.0
0 505 257 8 50.0
2 504 238 8 50.0
0 509 265 10 49.3
3 508 234 6 50.0
1 507 243 10 41.0
3 512 220 10 43.5
0 511 281 8 50.0
2 510 312 8 50.0
0 515 177 10 38.0
3 514 283 7 50.0
1 513 240 9 50.0
3 518 272 9 50.0
0 517 170 10 40.3
2 516 226 8 50.0
0 521 175 10 33.5
3 520 192 10 39.5
1 519 241 7 50.0
3 524 270 9 50.0
0 523 231 10 44.0
2 522 223 10 49.2
0 527 250 9 50.0
3 526 233 10 42.8
1 525 280 6 50.0
3 530 239 7 50.0
0 529 272 5 50.0
2 528 234 5 50.0
0 533 277 9 50.0
3 532 167 10 35.5
1 531 270 6 50.0
3 536 260 7 50.0
0 535 285 7 50.0
2 534 261 6 50.0
0 539 130 10 27.8
3 538 249 8 50.0
1 537 227 9 50.0
3 542 261 7 50.0
0 541 226 10 49.0
2 540 225 10 43.8
0 545 260 9 50.0
3 544 289 8 50.0
1 543 247 6 50.0
3 548 261 6 50.0
0 547 248 9 50.0
2 546 253 7 50.0
0 551 280 7 50.0
3 550 266 3 50.0
3 554 273 8 50.0
3 555 240 4 50.0
3 556 274 8 50.0
3 557 225 8 50.0
3 558 240 5 50.0
3 559 215 3 50.0
3 560 296 1 50.0
3 561 259 8 50.0
3 562 237 9 50.0
3 563 167 10 40.3
3 564 279 5 50.0
3 565 243 7 50.0
3 566 232 6 50.0
3 567 218 10 43.7
3 568 287 3 50.0
3 569 287 8 50.0
3 570 251 10 42.5
3 571 252 10 42.3
3 572 266 7 50.0
3 573 196 10 41.0
3 574 201 10 43.7
3 575 221 8 50.0
3 576 299 8 50.0
3 577 204 10 37.2
3 578 195 10 40.2
3 579 270 5 50.0
3 580 277 7 50.0
3 581 276 7 50.0
3 582 244 10 46.3
3 583 222 10 47.7
3 584 274 9 50.0
3 585 209 10 42.0
3 586 223 10 44.7
3 587 264 10 43.3
3 588 279 8 50.0
3 589 269 7 50.0
3 590 211 10 40.3
3 591 228 8 50.0
3 592 280 6 50.0
3 593 266 8 50.0
3 594 247 5 50.0
3 595 257 10 38.3
3 596 263 6 50.0
1 549 283 7 50.0
3 597 286 5 50.0
0 553 202 10 37.8
2 552 277 6 50.0
0 600 254 8 50.0
3 599 136 10 26.0
1 598 227 10 42.2
3 603 280 8 50.0
0 602 222 10 48.2
2 601 244 8 50.0
0 606 261 9 50.0
3 605 223 5 50.0
1 604 185 10 35.0
3 609 209 10 38.0
0 608 253 1 50.0
2 607 242 7 50.0
0 612 214 9 50.0
3 611 151 10 34.0
1 610 296 6 50.0
3 615 241 2 50.0
0 614 301 6 50.0
2 613 207 10 40.2
0 618 253 10 44.7
3 617 254 7 50.0
1 616 183 10 38.8
3 621 286 5 50.0
0 620 265 10 50.0
2 619 209 7 50.0
0 624 284 10 48.7
3 623 253 9 50.0
1 622 216 10 49.5
3 627 259 7 50.0
0 626 100 10 23.2
2 625 252 10 46.3
0 630 251 6 50.0
3 629 276 7 50.0
1 628 192 10 32.8
3 633 92 10 23.7
0 632 193 10 39.5
2 631 268 10 44.5
0 636 273 8 50.0
3 635 260 4 50.0
1 634 260 10 47.8
3 639 280 9 50.0
0 638 248 4 50.0
2 637 226 10 41.8
0 642 258 9 50.0
3 641 261 5 50.0
1 640 249 5 50.0
3 645 292 8 50.0
0 644 242 10 49.8
2 643 240 7 50.0
0 648 262 7 50.0
3 647 274 5 50.0
1 646 279 7 50.0
3 651 273 8 50.0
0 650 259 7 50.0
2 649 97 10 21.3
0 654 289 5 50.0
3 653 296 8 50.0
1 652 228 10 43.8
3 657 215 10 41.0
0 656 208 10 35.8
2 655 245 9 50.0
0 660 200 10 36.5
3 659 262 7 50.0
1 658 222 5 50.0
3 663 313 10 49.0
0 662 209 10 44.2
2 661 262 7 50.0
0 666 252 4 50.0
3 665 260 5 50.0
1 664 268 10 50.0
3 669 278 10 46.8
0 668 229 10 43.7
0 672 199 8 50.0
0 673 207 10 43.7
0 674 231 9 50.0
2 667 158 10 31.2
0 675 168 10 37.3
3 671 247 6 50.0
1 670 229 10 46.3
3 678 172 10 39.8
0 677 237 6 50.0
2 676 224 7 50.0
0 681 132 10 27.2
3 680 172 10 36.3
1 679 299 9 50.0
3 684 285 5 50.0
0 683 196 10 32.8
2 682 260 7 50.0
0 687 257 6 50.0
3 686 257 6 50.0
1 685 236 9 50.0
3 690 248 4 50.0
0 689 259 7 50.0
2 688 306 5 50.0
0 693 277 6 50.0
3 692 261 9 50.0
1 691 210 10 48.8
3 696 142 10 27.3
0 695 241 4 50.0
2 694 237 10 45.2
0 699 76 10 20.5
3 698 157 10 35.8
1 697 264 9 50.0
3 702 297 8 50.0
0 701 243 9 50.0
2 700 274 8 50.0
0 705 260 8 50.0
3 704 304 8 50.0
3 708 223 10 42.0
1 703 304 7 50.0
3 709 234 8 50.0
0 707 153 10 35.2
2 706 278 7 50.0
0 712 210 10 38.8
3 711 247 6 50.0
1 710 225 7 50.0
3 715 210 10 35.8
0 714 230 7 50.0
2 713 301 6 50.0
0 718 273 6 50.0
3 717 232 10 47.2
1 716 281 3 50.0
3 721 286 6 50.0
0 720 266 8 50.0
2 719 235 7 50.0
0 724 247 6 50.0
3 723 216 7 50.0
1 722 249 7 50.0
3 727 289 5 50.0
0 726 293 7 50.0
2 725 254 7 50.0
0 730 290 7 50.0
3 729 247 9 50.0
1 728 242 7 50.0
3 733 279 5 50.0
0 732 233 7 50.0
2 731 205 10 39.3
0 736 257 8 50.0
3 735 260 9 50.0
1 734 210 5 50.0
3 739 209 10 44.3
0 738 169 10 35.3
0 742 216 9 50.0
0 743 266 7 50.0
0 744 217 10 46.5
0 745 233 10 43.0
2 737 296 9 50.0
0 746 218 6 50.0
3 741 184 10 36.7
1 740 184 10 40.3
3 749 234 10 41.2
0 748 233 10 39.0
2 747 251 7 50.0
0 752 279 6 50.0
3 751 246 7 50.0
1 750 259 8 50.0
3 755 303 5 50.0
0 754 179 10 37.0
2 753 272 9 50.0
0 758 223 10 40.3
3 757 267 8 50.0
1 756 259 9 50.0
3 761 246 10 46.2
0 760 261 9 50.0
2 759 296 2 50.0
0 764 233 7 50.0
3 763 249 7 50.0
1 762 300 5 50.0
3 767 272 9 50.0
0 766 222 3 50.0
2 765 237 3 50.0
0 770 268 4 50.0
3 769 129 10 27.8
1 768 232 3 50.0
3 773 213 10 43.3
0 772 247 10 45.5
2 771 254 8 50.0
0 776 278 6 50.0
3 775 280 7 50.0
1 774 261 8 50.0
3 779 253 10 45.8
0 778 273 9 50.0
2 777 253 7 50.0
0 782 250 9 50.0
3 781 239 9 50.0
1 780 141 10 30.5
3 785 151 10 28.0
0 784 179 10 37.0
2 783 247 6 50.0
0 788 228 5 50.0
3 787 297 7 50.0
1 786 254 9 50.0
3 791 264 6 50.0
0 790 229 10 50.0
2 789 192 10 38.2
0 794 240 9 50.0
3 793 258 6 50.0
1 792 234 9 50.0
3 797 216 10 39.2
0 796 225 6 50.0
2 795 271 6 50.0
0 800 267 10 48.7
3 799 231 5 50.0
1 798 263 7 50.0
3 803 274 8 50.0
0 802 249 9 50.0
2 801 235 4 50.0
0 806 276 4 50.0
3 805 256 8 50.0
1 804 147 10 27.7
3 809 245 10 46.7
0 808 227 10 40.5
2 807 197 10 38.2
0 812 296 7 50.0
3 811 252 6 50.0
1 810 285 8 50.0
3 815 143 10 30.0
0 814 270 7 50.0
2 813 209 3 50.0
0 818 192 10 35.0
3 817 308 9 50.0
1 816 186 10 39.2
3 821 266 6 50.0
0 820 239 10 49.8
2 819 283 9 50.0
0 824 250 8 50.0
3 823 240 9 50.0
1 822 331 7 50.0
3 827 245 8 50.0
0 826 267 7 50.0
2 825 264 5 50.0
0 830 232 9 50.0
3 829 223 8 50.0
1 828 180 10 43.2
3 833 275 9 50.0
0 832 278 6 50.0
2 831 269 9 50.0
0 836 209 8 50.0
3 835 273 4 50.0
1 834 242 9 50.0
3 839 239 9 50.0
0 838 291 5 50.0
2 837 267 3 50.0
0 842 220 10 39.7
3 841 265 6 50.0
1 840 255 7 50.0
3 845 259 8 50.0
0 844 249 6 50.0
2 843 235 5 50.0
0 848 266 7 50.0
3 847 258 10 48.7
1 846 265 6 50.0
3 851 283 9 50.0
0 850 219 8 50.0
2 849 259 6 50.0
0 854 206 10 40.7
3 853 255 10 46.7
1 852 266 8 50.0
3 857 257 9 50.0
0 856 263 8 50.0
2 855 244 3 50.0
0 860 241 10 48.8
3 859 270 9 50.0
1 858 263 6 50.0
3 863 204 3 50.0
0 862 254 9 50.0
2 861 272 7 50.0
0 866 225 10 47.8
3 865 268 9 50.0
1 864 280 7 50.0
3 869 205 10 38.2
0 868 157 10 36.3
2 867 284 7 50.0
0 872 263 4 50.0
3 871 207 10 39.5
1 870 256 5 50.0
3 875 277 5 50.0
0 874 215 10 44.5
0 878 258 4 50.0
0 879 264 4 50.0
0 880 219 7 50.0
0 881 152 10 34.2
2 873 154 10 26.8
0 882 245 10 41.8
3 877 220 9 50.0
1 876 276 7 50.0
3 885 237 5 50.0
0 884 302 8 50.0
2 883 222 9 50.0
0 888 223 10 37.3
3 887 262 9 50.0
1 886 170 10 33.7
3 891 274 7 50.0
0 890 169 10 34.3
2 889 264 4 50.0
0 894 202 10 41.7
3 893 264 3 50.0
1 892 236 9 50.0
3 897 272 8 50.0
0 896 269 10 49.3
2 895 262 9 50.0
0 900 230 8 50.0
3 899 156 10 34.0
1 898 238 7 50.0
3 903 232 9 50.0
0 902 247 9 50.0
2 901 209 10 45.7
0 906 272 6 50.0
3 905 169 10 31.8
1 904 267 8 50.0
3 909 211 10 40.5
0 908 268 10 50.0
2 907 273 4 50.0
0 912 152 10 30.2
3 911 215 9 50.0
1 910 228 10 43.0
3 915 215 10 48.7
0 914 199 10 38.2
2 913 167 10 37.2
0 918 251 10 47.7
3 917 167 10 32.3
1 916 179 10 33.3
3 921 281 10 47.0
0 920 264 7 50.0
2 919 279 5 50.0
0 924 253 8 50.0
3 923 265 7 50.0
1 922 182 10 32.5
3 927 287 5 50.0
0 926 282 5 50.0
2 925 137 10 28.3
0 930 240 8 50.0
3 929 265 7 50.0
1 928 252 10 47.8
3 933 286 10 49.5
0 932 225 7 50.0
2 931 279 7 50.0
0 936 255 10 46.8
3 935 298 8 50.0
1 934 236 8 50.0
3 939 245 7 50.0
0 938 143 10 32.0
2 937 238 7 50.0
0 942 255 5 50.0
3 941 281 5 50.0
3 945 284 9 50.0
3 946 276 6 50.0
1 940 249 10 39.3
3 947 218 10 47.7
0 944 291 8 50.0
2 943 261 8 50.0
0 950 277 4 50.0
3 949 247 6 50.0
1 948 233 9 50.0
3 953 258 9 50.0
0 952 198 10 38.8
2 951 251 6 50.0
0 956 231 6 50.0
3 955 156 10 30.2
1 954 270 6 50.0
3 959 210 10 43.5
0 958 223 9 50.0
2 957 198 10 42.8
0 962 246 8 50.0
3 961 273 9 50.0
1 960 263 4 50.0
3 965 237 8 50.0
0 964 228 4 50.0
2 963 160 10 38.5
0 968 266 8 50.0
3 967 234 7 50.0
1 966 253 4 50.0
3 971 285 7 50.0
0 970 203 10 37.0
2 969 238 10 46.0
0 974 263 8 50.0
3 973 259 8 50.0
1 972 253 10 46.3
3 977 289 3 50.0
0 976 219 10 44.7
2 975 274 8 50.0
0 980 157 10 41.2
3 979 261 9 50.0
1 978 242 9 50.0
3 983 238 7 50.0
0 982 250 10 47.2
2 981 246 10 37.7
0 986 244 6 50.0
3 985 231 7 50.0
1 984 268 5 50.0
3 989 288 3 50.0
0 988 282 8 50.0
2 987 194 10 44.8
0 992 271 6 50.0
3 991 250 10 43.8
1 990 313 6 50.0
3 995 231 6 50.0
0 994 269 10 49.3
2 993 227 6 50.0
0 998 217 10 41.7
3 997 266 6 50.0
1 996 255 7 50.0
3 1001 164 10 31.5
0 1000 216 10 47.8
2 999 327 5 50.0
0 1004 165 10 34.7
3 1003 245 6 50.0
1 1002 116 10 26.0
3 1007 85 10 20.7
0 1006 243 9 50.0
2 1005 261 9 50.0
0 1010 213 10 40.0
3 1009 257 9 50.0
1 1008 190 10 36.2
1 1014 253 6 50.0
1 1015 271 9 50.0
1 1016 276 6 50.0
3 1013 234 10 44.2
0 1012 251 7 50.0
2 1011 212 10 37.8
0 1019 189 10 43.0
3 1018 256 9 50.0
1 1017 261 10 46.0
3 1022 145 10 29.3
0 1021 217 10 40.2
2 1020 252 7 50.0
0 1025 229 4 50.0
3 1024 291 8 50.0
1 1023 291 8 50.0
3 1028 173 10 39.3
0 1027 189 10 39.8
2 1026 251 9 50.0
0 1031 244 6 50.0
3 1030 252 10 45.7
1 1029 232 10 45.5
3 1034 222 10 46.8
0 1033 249 10 48.2
2 1032 272 8 50.0
0 1037 270 5 50.0
3 1036 295 7 50.0
1 1035 231 5 50.0
3 1040 183 10 34.0
0 1039 272 7 50.0
2 1038 293 7 50.0
2 1044 300 9 50.0
2 1045 209 10 38.8
0 1043 285 4 50.0
3 1042 274 4 50.0
1 1041 251 10 48.7
3 1048 190 10 35.2
0 1047 150 10 31.7
2 1046 267 7 50.0
0 1051 253 9 50.0
3 1050 257 6 50.0
1 1049 194 10 40.7
3 1054 242 9 50.0
0 1053 246 9 50.0
2 1052 252 9 50.0
0 1057 274 8 50.0
3 1056 264 5 50.0
1 1055 253 9 50.0
3 1060 288 7 50.0
0 1059 212 10 42.7
2 1058 267 6 50.0
0 1063 247 5 50.0
3 1062 221 10 36.5
1 1061 222 10 44.7
3 1066 192 10 39.2
0 1065 252 6 50.0
2 1064 271 7 50.0
0 1069 267 10 49.3
3 1068 233 8 50.0
1 1067 255 8 50.0
3 1072 262 4 50.0
0 1071 218 7 50.0
2 1070 259 8 50.0
0 1075 217 10 43.2
3 1074 173 10 34.0
1 1073 284 5 50.0
3 1078 250 7 50.0
0 1077 258 9 50.0
2 1076 197 10 35.5
2 1082 241 10 46.5
2 1083 197 10 41.0
2 1084 273 9 50.0
2 1085 211 9 50.0
0 1081 238 8 50.0
3 1080 245 8 50.0
1 1079 259 7 50.0
3 1088 191 10 39.8
0 1087 283 5 50.0
2 1086 255 7 50.0
0 1091 258 8 50.0
3 1090 247 9 50.0
1 1089 263 7 50.0
3 1094 246 7 50.0
0 1093 262 5 50.0
2 1092 293 8 50.0
0 1097 210 10 39.7
3 1096 220 7 50.0
1 1095 297 9 50.0
3 1100 238 10 43.0
0 1099 285 8 50.0
2 1098 235 10 44.7
0 1103 259 7 50.0
3 1102 288 4 50.0
1 1101 188 10 42.5
3 1106 257 2 50.0
0 1105 239 9 50.0
2 1104 260 6 50.0
0 1109 178 10 40.7
3 1108 166 10 33.7
1 1107 255 10 49.8
3 1112 297 7 50.0
0 1111 254 6 50.0
2 1110 146 10 32.3
0 1115 245 6 50.0
3 1114 260 10 41.2
1 1113 230 8 50.0
3 1118 282 5 50.0
0 1117 315 6 50.0
2 1116 259 6 50.0
0 1121 240 5 50.0
3 1120 248 7 50.0
1 1119 309 9 50.0
3 1124 191 10 34.7
0 1123 224 9 50.0
2 1122 263 4 50.0
0 1127 266 4 50.0
3 1126 280 7 50.0
1 1125 247 7 50.0
3 1130 243 8 50.0
0 1129 282 4 50.0
2 1128 253 9 50.0
0 1133 290 8 50.0
3 1132 228 9 50.0
1 1131 236 7 50.0
3 1136 225 6 50.0
0 1135 244 10 43.2
2 1134 245 7 50.0
0 1139 218 10 41.5
3 1138 236 9 50.0
1 1137 209 9 50.0
3 1142 290 2 50.0
0 1141 239 8 50.0
2 1140 291 8 50.0
0 1145 252 9 50.0
3 1144 230 10 46.3
1 1143 238 7 50.0
3 1148 246 7 50.0
0 1147 240 4 50.0
2 1146 260 9 50.0
0 1151 258 10 45.3
3 1150 186 10 38.3
1 1149 211 8 50.0
3 1154 272 9 50.0
0 1153 225 10 43.0
2 1152 265 5 50.0
0 1157 284 9 50.0
3 1156 289 10 49.8
1 1155 238 6 50.0
3 1160 278 8 50.0
0 1159 155 10 28.5
2 1158 244 6 50.0
0 1163 238 9 50.0
3 1162 152 10 30.0
1 1161 270 9 50.0
3 1166 194 10 37.3
0 1165 220 10 41.7
2 1164 279 6 50.0
0 1169 224 7 50.0
3 1168 270 10 48.0
1 1167 292 5 50.0
3 1172 245 9 50.0
0 1171 237 9 50.0
2 1170 186 10 36.3
0 1175 99 10 20.8
3 1174 259 4 50.0
1 1173 229 9 50.0
1 1179 228 6 50.0
3 1178 272 9 50.0
0 1177 236 7 50.0
2 1176 290 7 50.0
0 1182 185 10 34.8
3 1181 249 6 50.0
1 1180 293 5 50.0
3 1185 201 10 37.5
0 1184 222 6 50.0
2 1183 169 10 30.0
0 1188 258 6 50.0
3 1187 268 4 50.0
1 1186 199 10 42.3
3 1191 263 7 50.0
0 1190 238 10 42.3
2 1189 297 1 50.0
0 1194 204 10 40.2
3 1193 170 10 37.5
1 1192 251 5 50.0
3 1197 136 10 31.7
0 1196 300 5 50.0
2 1195 263 7 50.0
0 1200 251 6 50.0
3 1199 293 9 50.0
1 1198 220 10 41.3
3 1203 247 10 47.8
0 1202 262 9 50.0
2 1201 252 10 46.8
0 1206 299 6 50.0
3 1205 241 6 50.0
1 1204 239 7 50.0
3 1209 259 8 50.0
0 1208 251 8 50.0
2 1207 267 5 50.0
0 1212 294 8 50.0
3 1211 243 10 42.7
1 1210 245 9 50.0
3 1215 245 5 50.0
0 1214 267 5 50.0
2 1213 200 10 43.2
0 1218 243 10 46.0
3 1217 298 7 50.0
1 1216 180 10 35.0
3 1221 281 7 50.0
0 1220 268 7 50.0
2 1219 232 10 49.8
0 1224 256 6 50.0
3 1223 240 10 48.8
1 1222 299 6 50.0
3 1227 196 10 34.3
0 1226 265 9 50.0
2 1225 213 9 50.0
0 1230 235 10 42.7
3 1229 215 6 50.0
1 1228 255 8 50.0
3 1233 235 7 50.0
0 1232 268 6 50.0
2 1231 272 7 50.0
0 1236 253 9 50.0
3 1235 218 10 48.3
1 1234 259 7 50.0
3 1239 161 10 29.7
0 1238 263 10 45.8
2 1237 243 5 50.0
0 1242 261 9 50.0
3 1241 198 10 27.0
1 1240 259 7 50.0
3 1245 217 10 42.3
0 1244 236 10 41.2
2 1243 283 8 50.0
0 1248 245 10 48.3
3 1247 230 10 39.3
1 1246 204 9 50.0
3 1251 258 5 50.0
0 1250 258 5 50.0
2 1249 252 9 50.0
0 1254 248 10 49.3
3 1253 246 8 50.0
1 1252 249 9 50.0
3 1257 196 10 28.7
0 1256 274 9 50.0
2 1255 272 4 50.0
0 1260 144 10 26.3
3 1259 142 10 32.3
1 1258 267 9 50.0
3 1263 258 6 50.0
0 1262 246 10 46.7
2 1261 281 9 50.0
0 1266 301 9 50.0
3 1265 193 10 39.7
1 1264 182 10 38.0
3 1269 243 10 48.8
0 1268 235 4 50.0
2 1267 162 10 37.0
0 1272 210 10 41.3
3 1271 242 3 50.0
1 1270 294 5 50.0
3 1275 199 10 39.2
0 1274 261 10 42.3
2 1273 227 10 42.8
0 1278 198 10 40.3
3 1277 241 10 47.0
1 1276 226 5 50.0
3 1281 224 9 50.0
0 1280 273 7 50.0
2 1279 268 3 50.0
0 1284 195 10 37.2
3 1283 178 10 39.3
1 1282 159 10 35.5
3 1287 262 7 50.0
0 1286 150 10 33.0
0 1289 280 7 50.0
2 1285 201 10 41.0
2 1292 281 9 50.0
2 1293 190 10 36.5
2 1294 271 7 50.0
2 1295 269 7 50.0
2 1296 248 10 46.2
2 1297 278 5 50.0
2 1298 240 9 50.0
2 1299 263 5 50.0
2 1300 260 3 50.0
2 1301 157 10 32.3
0 1291 195 10 34.8
3 1290 194 10 31.7
1 1288 179 10 38.7
3 1304 210 10 37.7
0 1303 263 9 50.0
2 1302 269 9 50.0
0 1307 185 10 36.8
3 1306 205 10 38.3
1 1305 278 7 50.0
3 1310 270 6 50.0
0 1309 203 10 41.7
2 1308 280 2 50.0
0 1313 269 7 50.0
3 1312 285 9 50.0
1 1311 218 5 50.0
3 1316 284 9 50.0
0 1315 285 5 50.0
2 1314 271 6 50.0
0 1319 267 5 50.0
3 1318 293 9 50.0
1 1317 260 6 50.0
3 1322 197 10 34.0
0 1321 232 3 50.0
2 1320 234 6 50.0
0 1325 296 3 50.0
3 1324 73 10 16.8
1 1323 270 6 50.0
3 1328 218 7 50.0
0 1327 271 8 50.0
2 1326 346 5 50.0
0 1331 306 9 50.0
3 1330 246 9 50.0
1 1329 254 9 50.0
3 1334 278 4 50.0
0 1333 226 10 46.2
2 1332 172 10 33.0
0 1337 269 8 50.0
3 1336 243 6 50.0
1 1335 149 10 34.8
3 1340 250 4 50.0
0 1339 263 7 50.0
2 1338 252 8 50.0
0 1343 259 9 50.0
3 1342 242 7 50.0
1 1341 317 10 49.2
3 1346 250 10 40.7
0 1345 230 10 44.0
2 1344 258 5 50.0
0 1349 205 10 45.0
3 1348 179 10 34.7
1 1347 224 5 50.0
3 1352 251 6 50.0
0 1351 257 10 46.2
2 1350 262 10 48.2
0 1355 271 4 50.0
3 1354 292 6 50.0
1 1353 236 7 50.0
3 1358 233 7 50.0
0 1357 229 10 44.3
2 1356 248 10 45.0
0 1361 217 9 50.0
3 1360 229 1 50.0
1 1359 218 10 44.0
3 1364 215 10 42.5
0 1363 233 10 46.2
2 1362 253 7 50.0
0 1367 278 7 50.0
3 1366 282 7 50.0
1 1365 267 4 50.0
3 1370 262 6 50.0
0 1369 99 10 24.2
2 1368 246 8 50.0
0 1373 287 8 50.0
3 1372 236 10 47.3
1 1371 207 10 40.0
3 1376 194 10 34.7
0 1375 219 10 42.3
2 1374 268 9 50.0
0 1379 246 4 50.0
3 1378 255 4 50.0
1 1377 247 6 50.0
3 1382 183 10 38.7
0 1381 239 9 50.0
2 1380 228 5 50.0
0 1385 232 7 50.0
3 1384 200 10 46.5
1 1383 260 7 50.0
3 1388 263 9 50.0
0 1387 219 10 40.0
2 1386 202 10 37.3
0 1391 231 10 46.5
3 1390 236 8 50.0
1 1389 226 10 48.5
3 1394 237 7 50.0
0 1393 303 8 50.0
2 1392 297 9 50.0
0 1397 252 10 43.2
3 1396 242 9 50.0
1 1395 155 10 26.3
3 1400 243 10 46.2
0 1399 247 7 50.0
2 1398 245 10 44.2
0 1403 243 3 50.0
3 1402 246 6 50.0
1 1401 276 9 50.0
3 1406 249 9 50.0
0 1405 120 10 22.7
2 1404 254 10 44.8
0 1409 265 5 50.0
3 1408 234 7 50.0
1 1407 257 6 50.0
3 1412 299 7 50.0
0 1411 207 10 41.7
2 1410 254 4 50.0
0 1415 215 10 42.0
3 1414 201 10 44.2
1 1413 154 10 28.0
3 1418 227 8 50.0
0 1417 249 9 50.0
2 1416 241 9 50.0
0 1421 203 10 45.2
3 1420 250 10 46.2
1 1419 213 6 50.0
3 1424 257 9 50.0
0 1423 270 8 50.0
2 1422 249 10 40.0
0 1427 242 3 50.0
3 1426 223 10 42.5
1 1425 262 9 50.0
3 1430 234 8 50.0
0 1429 154 10 34.0
2 1428 286 9 50.0
0 1433 158 10 28.8
3 1432 242 4 50.0
1 1431 177 10 35.0
3 1436 245 7 50.0
0 1435 228 8 50.0
2 1434 194 10 40.0
0 1439 255 7 50.0
3 1438 162 10 36.7
1 1437 271 7 50.0
3 1442 234 8 50.0
0 1441 266 6 50.0
2 1440 156 10 31.0
0 1445 245 9 50.0
3 1444 261 10 48.0
1 1443 254 2 50.0
3 1448 206 8 50.0
0 1447 234 6 50.0
2 1446 200 10 42.3
0 1451 279 6 50.0
3 1450 276 8 50.0
1 1449 237 8 50.0
3 1454 258 10 48.7
0 1453 237 4 50.0
2 1452 298 9 50.0
0 1457 207 10 45.8
3 1456 253 7 50.0
1 1455 215 4 50.0
3 1460 238 10 47.2
0 1459 299 9 50.0
0 1463 286 9 50.0
0 1464 270 7 50.0
0 1465 275 4 50.0
2 1458 229 10 43.3
0 1466 291 7 50.0
3 1462 251 9 50.0
1 1461 281 9 50.0
3 1469 257 8 50.0
0 1468 292 8 50.0
2 1467 240 10 42.2
0 1472 263 5 50.0
3 1471 140 10 23.7
1 1470 286 7 50.0
3 1475 259 8 50.0
0 1474 267 8 50.0
2 1473 262 8 50.0
0 1478 225 10 38.7
3 1477 173 10 34.7
1 1476 276 8 50.0
3 1481 274 8 50.0
0 1480 268 9 50.0
2 1479 225 10 46.5
0 1484 155 10 33.5
3 1483 236 6 50.0
1 1482 171 10 36.0
3 1487 242 7 50.0
0 1486 271 7 50.0
2 1485 263 5 50.0
0 1490 281 8 50.0
3 1489 298 8 50.0
1 1488 269 5 50.0
3 1493 149 10 31.7
0 1492 273 3 50.0
2 1491 260 7 50.0
0 1496 261 7 50.0
3 1495 268 9 50.0
1 1494 257 9 50.0
3 1499 210 10 37.3
0 1498 250 10 45.5
2 1497 154 10 33.2
0 1502 269 6 50.0
3 1501 237 10 45.5
1 1500 245 4 50.0
3 1505 188 10 41.7
0 1504 243 4 50.0
2 1503 252 6 50.0
0 1508 278 10 47.2
3 1507 253 6 50.0
1 1506 267 9 50.0
3 1511 221 10 39.3
0 1510 230 9 50.0
2 1509 246 10 50.0
0 1514 270 6 50.0
3 1513 239 8 50.0
1 1512 244 6 50.0
3 1517 234 10 42.5
0 1516 269 4 50.0
2 1515 258 7 50.0
0 1520 213 10 33.7
3 1519 211 10 37.8
1 1518 233 7 50.0
3 1523 263 7 50.0
0 1522 271 9 50.0
2 1521 252 7 50.0
0 1526 252 9 50.0
3 1525 263 10 48.5
1 1524 180 10 35.3
3 1529 251 7 50.0
0 1528 248 6 50.0
2 1527 289 4 50.0
0 1532 238 10 48.7
3 1531 272 3 50.0
1 1530 251 4 50.0
3 1535 244 8 50.0
0 1534 262 6 50.0
2 1533 274 10 50.0
0 1538 257 3 50.0
3 1537 185 10 39.2
1 1536 152 10 34.8
3 1541 250 7 50.0
0 1540 219 10 40.0
2 1539 201 10 38.8
0 1544 272 9 50.0
3 1543 278 5 50.0
1 1542 247 9 50.0
3 1547 246 8 50.0
0 1546 237 7 50.0
2 1545 258 4 50.0
0 1550 266 6 50.0
3 1549 251 10 46.3
1 1548 246 9 50.0
3 1553 250 8 50.0
0 1552 165 10 33.7
2 1551 140 10 31.7
0 1556 270 4 50.0
3 1555 238 7 50.0
1 1554 187 10 39.5
3 1559 257 7 50.0
0 1558 262 10 45.3
2 1557 258 9 50.0
0 1562 226 10 41.2
3 1561 280 9 50.0
1 1560 249 9 50.0
3 1565 228 7 50.0
0 1564 250 9 50.0
2 1563 274 7 50.0
0 1568 277 4 50.0
3 1567 193 6 50.0
1 1566 271 7 50.0
3 1571 273 8 50.0
0 1570 281 7 50.0
2 1569 262 6 50.0
0 1574 258 9 50.0
3 1573 256 9 50.0
1 1572 214 10 42.0
3 1577 220 10 45.2
0 1576 247 7 50.0
2 1575 276 6 50.0
0 1580 187 10 40.7
3 1579 273 9 50.0
1 1578 246 10 42.5
3 1583 149 10 31.7
0 1582 210 10 39.2
2 1581 261 4 50.0
0 1586 169 10 36.5
3 1585 271 4 50.0
1 1584 124 10 30.0
3 1589 247 5 50.0
0 1588 232 5 50.0
2 1587 243 7 50.0
0 1592 276 5 50.0
3 1591 214 8 50.0
1 1590 293 4 50.0
3 1595 216 10 37.2
0 1594 308 10 49.5
2 1593 247 3 50.0
0 1598 283 9 50.0
3 1597 260 4 50.0
1 1596 282 10 49.7
3 1601 250 7 50.0
0 1600 253 3 50.0
2 1599 251 10 43.3
0 1604 278 9 50.0
3 1603 211 10 34.0
1 1602 259 6 50.0
3 1607 263 9 50.0
0 1606 112 10 23.0
2 1605 247 5 50.0
0 1610 264 9 50.0
3 1609 276 8 50.0
1 1608 216 7 50.0
3 1613 209 10 42.2
0 1612 265 9 50.0
2 1611 297 9 50.0
0 1616 274 5 50.0
3 1615 225 8 50.0
1 1614 286 10 49.8
3 1619 192 10 42.2
0 1618 119 10 27.3
2 1617 238 7 50.0
0 1622 318 6 50.0
3 1621 235 5 50.0
1 1620 316 8 50.0
3 1625 252 7 50.0
0 1624 239 7 50.0
2 1623 302 7 50.0
0 1628 269 8 50.0
3 1627 177 10 33.5
1 1626 217 10 47.2
3 1631 300 5 50.0
0 1630 240 6 50.0
2 1629 311 5 50.0
0 1634 211 7 50.0
3 1633 224 10 49.7
3 1637 171 10 34.7
3 1638 276 6 50.0
3 1639 221 9 50.0
3 1640 194 10 42.0
1 1632 244 7 50.0
3 1641 311 6 50.0
0 1636 258 6 50.0
2 1635 240 9 50.0
0 1644 133 10 28.8
3 1643 245 9 50.0
1 1642 182 10 31.7
3 1647 203 10 39.7
0 1646 165 10 37.0
2 1645 214 10 43.5
0 1650 269 10 41.5
3 1649 268 6 50.0
1 1648 182 10 44.0
3 1653 183 10 32.0
0 1652 269 9 50.0
2 1651 257 5 50.0
0 1656 253 6 50.0
3 1655 200 10 37.0
1 1654 242 9 50.0
3 1659 235 10 43.5
0 1658 273 7 50.0
2 1657 233 7 50.0
0 1662 209 10 45.3
3 1661 227 10 42.7
1 1660 276 5 50.0
3 1665 252 6 50.0
0 1664 239 9 50.0
2 1663 240 7 50.0
0 1668 300 4 50.0
3 1667 261 6 50.0
1 1666 280 10 49.3
3 1671 263 8 50.0
0 1670 247 9 50.0
2 1669 240 10 46.5
0 1674 278 7 50.0
3 1673 337 9 50.0
1 1672 279 10 47.5
3 1677 277 5 50.0
0 1676 229 7 50.0
2 1675 219 8 50.0
0 1680 219 8 50.0
3 1679 283 8 50.0
1 1678 158 10 33.0
3 1683 273 0 50.0
0 1682 278 10 48.8
2 1681 179 10 39.8
2 1687 256 10 50.0
0 1686 281 6 50.0
3 1685 251 6 50.0
1 1684 262 2 50.0
3 1690 256 10 49.0
0 1689 212 10 40.8
2 1688 269 2 50.0
0 1693 247 9 50.0
3 1692 235 7 50.0
1 1691 263 9 50.0
3 1696 289 6 50.0
0 1695 246 3 50.0
2 1694 207 10 41.7
0 1699 237 6 50.0
3 1698 212 10 45.3
1 1697 250 10 47.2
3 1702 257 7 50.0
0 1701 315 7 50.0
2 1700 284 9 50.0
0 1705 241 8 50.0
3 1704 269 5 50.0
1 1703 228 8 50.0
3 1708 171 10 33.3
0 1707 255 10 47.5
2 1706 196 10 46.8
0 1711 261 6 50.0
3 1710 209 10 46.8
1 1709 267 1 50.0
3 1714 193 10 38.3
0 1713 261 7 50.0
2 1712 297 4 50.0
0 1717 257 5 50.0
3 1716 288 9 50.0
1 1715 179 10 35.3
3 1720 240 8 50.0
0 1719 289 10 46.7
2 1718 274 2 50.0
0 1723 245 10 48.3
3 1722 198 10 41.3
1 1721 247 10 39.7
3 1726 275 7 50.0
0 1725 260 9 50.0
2 1724 99 10 23.5
0 1729 293 2 50.0
3 1728 206 10 43.3
1 1727 245 4 50.0
3 1732 252 9 50.0
0 1731 255 8 50.0
2 1730 247 8 50.0
0 1735 277 3 50.0
3 1734 245 10 42.8
1 1733 246 6 50.0
3 1738 193 10 44.3
0 1737 264 9 50.0
2 1736 267 7 50.0
0 1741 215 10 43.0
3 1740 226 7 50.0
1 1739 245 8 50.0
3 1744 277 5 50.0
0 1743 151 10 32.5
2 1742 178 10 35.0
0 1747 282 10 47.8
3 1746 258 3 50.0
1 1745 210 10 48.8
3 1750 166 10 32.2
0 1749 264 8 50.0
2 1748 223 8 50.0
0 1753 253 5 50.0
3 1752 259 10 46.8
1 1751 280 9 50.0
3 1756 291 7 50.0
0 1755 217 5 50.0
2 1754 286 5 50.0
0 1759 255 6 50.0
3 1758 251 10 43.7
1 1757 235 2 50.0
3 1762 273 8 50.0
0 1761 264 8 50.0
2 1760 213 10 42.0
0 1765 255 3 50.0
3 1764 259 7 50.0
1 1763 259 9 50.0
3 1768 317 8 50.0
0 1767 276 4 50.0
2 1766 240 8 50.0
0 1771 251 9 50.0
3 1770 115 10 25.2
1 1769 299 9 50.0
3 1774 143 10 27.3
0 1773 268 6 50.0
2 1772 232 10 38.3
0 1777 295 7 50.0
3 1776 229 6 50.0
1 1775 255 4 50.0
3 1780 302 7 50.0
0 1779 220 10 42.5
2 1778 236 10 42.5
0 1783 271 3 50.0
3 1782 266 10 47.7
1 1781 234 10 45.7
3 1786 269 4 50.0
0 1785 238 9 50.0
2 1784 325 4 50.0
0 1789 287 7 50.0
3 1788 110 10 25.5
1 1787 196 10 36.8
3 1792 254 10 45.7
0 1791 272 8 50.0
2 1790 189 10 31.7
0 1795 271 7 50.0
3 1794 244 10 48.0
1 1793 292 7 50.0
3 1798 248 10 43.5
0 1797 280 4 50.0
2 1796 269 6 50.0
0 1801 245 7 50.0
3 1800 124 10 25.3
1 1799 263 7 50.0
3 1804 293 2 50.0
0 1803 256 7 50.0
2 1802 279 8 50.0
0 1807 240 7 50.0
3 1806 255 8 50.0
1 1805 279 4 50.0
3 1810 275 6 50.0
0 1809 272 10 42.2
2 1808 296 8 50.0
0 1813 281 7 50.0
3 1812 196 10 49.8
1 1811 312 6 50.0
3 1816 228 8 50.0
0 1815 249 10 47.2
2 1814 181 10 44.3
0 1819 247 10 48.2
3 1818 235 4 50.0
1 1817 255 6 50.0
3 1822 306 6 50.0
0 1821 245 5 50.0
2 1820 220 7 50.0
2 1826 261 8 50.0
2 1827 266 7 50.0
2 1828 243 9 50.0
0 1825 253 9 50.0
3 1824 182 10 34.8
1 1823 154 10 30.0
3 1831 263 10 47.2
0 1830 287 6 50.0
2 1829 232 7 50.0
0 1834 277 4 50.0
3 1833 244 3 50.0
1 1832 278 3 50.0
3 1837 235 7 50.0
0 1836 224 6 50.0
2 1835 339 8 50.0
0 1840 257 10 47.5
3 1839 155 10 34.2
1 1838 240 10 41.3
3 1843 301 10 48.0
0 1842 229 8 50.0
2 1841 243 8 50.0
0 1846 271 4 50.0
3 1845 255 7 50.0
1 1844 154 10 33.3
3 1849 258 9 50.0
0 1848 233 8 50.0
2 1847 243 6 50.0
0 1852 291 7 50.0
3 1851 272 9 50.0
1 1850 202 10 40.0
3 1855 257 9 50.0
0 1854 303 6 50.0
2 1853 282 9 50.0
0 1858 275 6 50.0
3 1857 278 7 50.0
1 1856 266 6 50.0
3 1861 267 8 50.0
0 1860 266 7 50.0
2 1859 263 9 50.0
0 1864 296 7 50.0
3 1863 210 10 40.3
1 1862 284 8 50.0
0 1866 291 4 50.0
2 1865 254 10 49.5
0 1869 248 8 50.0
3 1867 249 4 50.0
1 1868 127 10 29.5
3 1872 268 3 50.0
0 1871 214 8 50.0
2 1870 272 10 48.7
0 1875 292 9 50.0
3 1874 226 10 47.8
1 1873 249 6 50.0
3 1878 287 9 50.0
0 1877 221 7 50.0
2 1876 155 10 31.0
0 1881 257 8 50.0
3 1880 273 4 50.0
1 1879 285 5 50.0
3 1884 260 8 50.0
0 1883 268 6 50.0
2 1882 257 8 50.0
0 1887 55 10 14.7
3 1886 225 10 46.3
1 1885 259 9 50.0
3 1890 190 10 38.5
0 1889 271 5 50.0
2 1888 224 10 46.5
0 1893 238 10 41.8
3 1892 275 7 50.0
1 1891 287 5 50.0
3 1896 280 5 50.0
0 1895 269 7 50.0
2 1894 224 7 50.0
0 1899 268 7 50.0
3 1898 255 8 50.0
1 1897 249 8 50.0
3 1902 222 10 47.8
0 1901 218 10 44.5
2 1900 293 7 50.0
0 1905 120 10 27.3
3 1904 324 6 50.0
1 1903 288 10 46.7
3 1908 117 10 27.8
0 1907 98 10 18.3
2 1906 241 7 50.0
0 1911 258 6 50.0
3 1910 238 6 50.0
1 1909 254 7 50.0
3 1914 245 9 50.0
0 1913 245 6 50.0
2 1912 287 6 50.0
0 1917 283 6 50.0
3 1916 260 9 50.0
1 1915 271 8 50.0
3 1920 257 7 50.0
0 1919 268 10 47.7
2 1918 282 7 50.0
0 1923 254 7 50.0
3 1922 258 9 50.0
1 1921 236 7 50.0
3 1926 236 9 50.0
0 1925 217 6 50.0
2 1924 235 5 50.0
0 1929 274 4 50.0
3 1928 190 10 44.2
1 1927 297 5 50.0
3 1932 207 10 45.0
0 1931 270 6 50.0
2 1930 257 7 50.0
0 1935 251 10 48.7
3 1934 216 10 41.3
1 1933 221 10 42.5
3 1938 242 10 42.0
0 1937 282 4 50.0
2 1936 301 9 50.0
0 1941 281 6 50.0
3 1940 236 10 41.7
1 1939 243 8 50.0
3 1944 253 10 48.5
0 1943 277 7 50.0
2 1942 230 8 50.0
0 1947 232 8 50.0
3 1946 180 10 44.7
1 1945 281 7 50.0
3 1950 273 6 50.0
0 1949 195 10 37.2
2 1948 242 10 49.7
0 1953 185 10 32.2
3 1952 242 4 50.0
1 1951 289 7 50.0
3 1956 275 5 50.0
0 1955 197 10 32.5
2 1954 277 4 50.0
0 1959 277 7 50.0
3 1958 230 7 50.0
1 1957 251 5 50.0
3 1962 233 9 50.0
0 1961 232 9 50.0
2 1960 271 7 50.0
0 1965 221 10 39.3
3 1964 241 10 41.7
1 1963 269 8 50.0
3 1968 247 8 50.0
0 1967 260 10 43.0
2 1966 293 8 50.0
0 1971 288 4 50.0
3 1970 266 7 50.0
1 1969 175 10 33.8
3 1974 89 10 24.7
0 1973 238 6 50.0
2 1972 243 6 50.0
0 1977 203 10 39.2
3 1976 261 5 50.0
1 1975 134 10 26.2
3 1980 248 8 50.0
0 1979 251 4 50.0
2 1978 195 10 35.5
0 1983 262 7 50.0
3 1982 298 8 50.0
1 1981 140 10 28.5
3 1986 250 8 50.0
0 1985 288 10 49.2
2 1984 260 7 50.0
0 1989 267 8 50.0
3 1988 210 8 50.0
1 1987 278 9 50.0
3 1992 252 10 48.7
0 1991 262 7 50.0
2 1990 156 10 31.5
0 1995 260 9 50.0
3 1994 296 9 50.0
1 1993 228 10 40.7
3 1998 261 6 50.0
0 1997 184 10 37.7
2 1996 168 10 33.5
0 2001 276 6 50.0
3 2000 197 10 34.3
1 1999 293 9 50.0
3 2004 201 10 37.5
0 2003 287 6 50.0
2 2002 231 10 44.0
0 2007 232 10 44.3
3 2006 264 7 50.0
1 2005 128 10 27.3
3 2010 285 7 50.0
0 2009 135 10 29.2
2 2008 256 7 50.0
0 2013 251 9 50.0
3 2012 284 6 50.0
3 2016 243 10 42.3
3 2017 178 10 34.8
3 2018 236 5 50.0
3 2019 229 3 50.0
1 2011 262 8 50.0
3 2020 271 4 50.0
0 2015 262 8 50.0
2 2014 262 7 50.0
0 2023 236 10 47.0
3 2022 279 3 50.0
1 2021 206 10 42.2
3 2026 225 7 50.0
0 2025 232 8 50.0
2 2024 212 10 43.7
0 2029 264 8 50.0
3 2028 299 7 50.0
1 2027 204 9 50.0
3 2032 267 10 49.0
0 2031 264 6 50.0
2 2030 173 10 32.5
0 2035 272 7 50.0
3 2034 240 10 45.8
1 2033 215 10 46.2
3 2038 252 3 50.0
0 2037 224 10 43.7
2 2036 267 6 50.0
0 2041 212 10 40.0
3 2040 221 10 42.5
1 2039 286 6 50.0
3 2044 238 10 49.5
0 2043 280 7 50.0
2 2042 176 10 34.5
0 2047 234 6 50.0
3 2046 227 10 43.0
1 2045 247 9 50.0
3 2050 257 10 44.3
0 2049 271 8 50.0
2 2048 305 7 50.0
0 2053 178 10 36.8
3 2052 258 9 50.0
1 2051 192 10 37.3
3 2056 255 8 50.0
0 2055 238 10 48.7
2 2054 243 7 50.0
0 2059 238 10 47.5
3 2058 252 10 40.7
1 2057 248 6 50.0
3 2062 271 10 49.8
0 2061 216 10 38.8
2 2060 263 4 50.0
0 2065 255 8 50.0
3 2064 213 9 50.0
1 2063 254 7 50.0
3 2068 244 9 50.0
0 2067 205 6 50.0
2 2066 166 10 35.0
0 2071 236 10 48.2
3 2070 245 7 50.0
1 2069 251 9 50.0
3 2074 142 10 31.3
0 2073 215 10 38.0
2 2072 136 10 22.5
0 2077 267 8 50.0
3 2076 248 9 50.0
1 2075 258 5 50.0
3 2080 263 4 50.0
0 2079 237 7 50.0
2 2078 266 9 50.0
0 2083 270 7 50.0
3 2082 254 4 50.0
1 2081 142 10 24.3
3 2086 245 6 50.0
0 2085 240 6 50.0
2 2084 254 6 50.0
0 2089 288 5 50.0
3 2088 94 10 18.2
1 2087 242 10 47.2
3 2092 242 6 50.0
0 2091 231 8 50.0
2 2090 197 10 36.8
0 2095 244 5 50.0
3 2094 231 5 50.0
1 2093 176 10 40.3
3 2098 319 6 50.0
0 2097 257 8 50.0
2 2096 253 9 50.0
0 2101 215 10 42.0
3 2100 250 9 50.0
1 2099 273 8 50.0
3 2104 206 10 37.0
0 2103 275 9 50.0
2 2102 248 10 38.7
0 2107 291 9 50.0
3 2106 243 6 50.0
1 2105 269 9 50.0
3 2110 263 8 50.0
0 2109 236 10 48.5
2 2108 108 10 22.3
0 2113 281 7 50.0
3 2112 283 10 48.5
1 2111 264 9 50.0
3 2116 244 10 47.8
0 2115 274 7 50.0
2 2114 165 10 32.3
0 2119 182 10 38.3
3 2118 246 7 50.0
1 2117 224 4 50.0
3 2122 248 7 50.0
0 2121 198 10 37.2
2 2120 267 8 50.0
0 2125 197 10 41.8
3 2124 246 5 50.0
1 2123 255 10 47.3
3 2128 175 10 32.5
0 2127 210 10 38.7
2 2126 201 10 44.2
0 2131 290 8 50.0
3 2130 242 8 50.0
1 2129 249 4 50.0
3 2134 191 10 32.5
0 2133 175 10 34.0
2 2132 220 10 41.2
0 2137 290 3 50.0
3 2136 212 10 33.8
1 2135 239 9 50.0
3 2140 168 10 31.2
0 2139 182 10 34.8
2 2138 177 10 34.2
0 2143 245 10 47.7
3 2142 225 10 43.5
1 2141 266 7 50.0
3 2146 245 4 50.0
0 2145 239 9 50.0
2 2144 252 10 43.8
0 2149 267 8 50.0
3 2148 200 10 37.5
1 2147 246 6 50.0
3 2152 264 10 49.8
0 2151 263 4 50.0
2 2150 257 6 50.0
0 2155 237 6 50.0
3 2154 243 6 50.0
1 2153 297 9 50.0
3 2158 308 6 50.0
0 2157 226 10 39.7
2 2156 261 7 50.0
0 2161 246 8 50.0
3 2160 260 10 47.5
1 2159 273 6 50.0
3 2164 305 6 50.0
0 2163 128 10 26.0
2 2162 276 10 47.8
0 2167 274 6 50.0
3 2166 254 7 50.0
1 2165 244 9 50.0
3 2170 255 8 50.0
0 2169 254 8 50.0
2 2168 228 7 50.0
0 2173 263 5 50.0
3 2172 273 7 50.0
1 2171 259 9 50.0
3 2176 161 10 32.5
0 2175 259 9 50.0
2 2174 234 8 50.0
0 2179 262 9 50.0
3 2178 240 6 50.0
1 2177 272 8 50.0
3 2182 243 5 50.0
0 2181 242 10 47.3
2 2180 128 10 30.5
0 2185 249 6 50.0
3 2184 227 3 50.0
1 2183 201 10 37.7
3 2188 266 8 50.0
0 2187 310 9 50.0
2 2186 257 8 50.0
0 2191 255 8 50.0
3 2190 228 10 45.0
1 2189 223 7 50.0
3 2194 250 6 50.0
0 2193 175 10 36.0
2 2192 284 8 50.0
0 2197 259 8 50.0
3 2196 268 8 50.0
1 2195 296 7 50.0
3 2200 235 6 50.0
0 2199 276 6 50.0
2 2198 260 9 50.0
0 2203 218 10 45.7
3 2202 284 8 50.0
1 2201 314 6 50.0
3 2206 239 9 50.0
0 2205 230 6 50.0
0 2209 291 7 50.0
0 2210 256 9 50.0
0 2211 284 8 50.0
0 2212 256 7 50.0
2 2204 271 5 50.0
0 2213 190 10 42.5
3 2208 312 5 50.0
1 2207 186 10 35.2
3 2216 168 10 37.5
0 2215 269 9 50.0
2 2214 144 10 30.8
0 2219 257 7 50.0
3 2218 268 7 50.0
1 2217 278 4 50.0
3 2222 194 10 37.7
0 2221 195 10 36.0
2 2220 280 7 50.0
0 2225 231 8 50.0
3 2224 298 5 50.0
3 2228 243 6 50.0
1 2223 254 9 50.0
3 2229 187 10 37.2
0 2227 145 10 29.2
2 2226 255 10 45.2
0 2232 328 1 50.0
3 2231 269 9 50.0
1 2230 238 8 50.0
3 2235 187 10 32.3
0 2234 230 10 44.8
2 2233 234 7 50.0
0 2238 246 7 50.0
3 2237 264 6 50.0
1 2236 261 7 50.0
3 2241 301 7 50.0
0 2240 140 10 28.2
2 2239 234 7 50.0
0 2244 286 7 50.0
3 2243 285 6 50.0
1 2242 286 10 47.7
3 2247 198 10 36.3
0 2246 257 9 50.0
2 2245 244 4 50.0
0 2250 253 7 50.0
3 2249 236 8 50.0
1 2248 143 10 26.5
3 2253 235 9 50.0
0 2252 298 7 50.0
2 2251 193 10 36.8
0 2256 284 7 50.0
3 2255 333 6 50.0
1 2254 228 5 50.0
3 2259 159 10 30.0
0 2258 289 6 50.0
2 2257 260 7 50.0
0 2262 283 7 50.0
3 2261 211 10 41.2
1 2260 262 8 50.0
3 2265 232 10 48.5
0 2264 246 8 50.0
2 2263 168 10 34.7
0 2268 166 10 35.5
3 2267 243 9 50.0
1 2266 247 8 50.0
3 2271 271 7 50.0
0 2270 268 9 50.0
2 2269 139 10 30.2
0 2274 263 7 50.0
3 2273 271 3 50.0
1 2272 239 9 50.0
3 2277 218 10 41.7
0 2276 265 8 50.0
2 2275 164 10 37.5
0 2280 198 10 38.7
3 2279 279 6 50.0
1 2278 207 9 50.0
3 2283 258 10 46.2
0 2282 270 9 50.0
2 2281 246 5 50.0
0 2286 225 6 50.0
3 2285 214 10 39.2
1 2284 282 10 48.3
3 2289 266 9 50.0
0 2288 197 10 38.2
2 2287 249 7 50.0
0 2292 296 7 50.0
3 2291 244 10 49.0
1 2290 291 9 50.0
3 2295 250 8 50.0
0 2294 236 8 50.0
2 2293 271 8 50.0
0 2298 241 2 50.0
3 2297 278 8 50.0
1 2296 294 8 50.0
3 2301 239 5 50.0
0 2300 155 10 33.2
2 2299 293 8 50.0
0 2304 253 6 50.0
3 2303 193 10 40.3
1 2302 220 9 50.0
3 2307 277 2 50.0
0 2306 253 9 50.0
2 2305 187 10 33.7
0 2310 260 3 50.0
3 2309 267 6 50.0
1 2308 265 6 50.0
3 2313 197 10 35.8
0 2312 115 10 24.2
2 2311 285 5 50.0
0 2316 268 9 50.0
3 2315 239 10 47.0
1 2314 251 7 50.0
3 2319 267 3 50.0
0 2318 243 10 41.7
2 2317 285 7 50.0
0 2322 268 5 50.0
3 2321 253 8 50.0
1 2320 225 6 50.0
3 2325 237 7 50.0
0 2324 283 8 50.0
2 2323 266 10 49.0
0 2328 280 3 50.0
3 2327 232 9 50.0
1 2326 259 8 50.0
3 2331 235 5 50.0
0 2330 314 9 50.0
2 2329 238 7 50.0
0 2334 288 8 50.0
3 2333 100 10 21.7
1 2332 166 10 36.5
3 2337 278 9 50.0
0 2336 287 7 50.0
2 2335 244 7 50.0
0 2340 163 10 34.8
3 2339 270 9 50.0
1 2338 260 10 49.0
3 2343 252 10 45.2
0 2342 248 10 49.8
2 2341 256 10 50.0
0 2346 235 8 50.0
3 2345 204 10 39.2
1 2344 263 5 50.0
3 2349 265 10 49.2
0 2348 252 7 50.0
2 2347 248 6 50.0
0 2352 258 3 50.0
3 2351 212 10 39.7
1 2350 222 10 44.8
3 2355 145 10 28.8
0 2354 291 5 50.0
2 2353 242 6 50.0
0 2358 271 5 50.0
3 2357 218 9 50.0
1 2356 143 10 27.8
3 2361 256 9 50.0
0 2360 253 6 50.0
2 2359 241 10 49.8
0 2364 275 9 50.0
3 2363 189 10 42.2
1 2362 241 8 50.0
3 2367 148 10 27.3
0 2366 225 6 50.0
2 2365 163 10 33.5
0 2370 205 10 42.3
3 2369 241 7 50.0
1 2368 258 7 50.0
3 2373 155 10 27.0
0 2372 228 10 41.2
2 2371 260 8 50.0
0 2376 236 7 50.0
3 2375 241 10 50.0
1 2374 202 9 50.0
3 2379 306 6 50.0
0 2378 180 10 34.2
2 2377 250 10 48.2
0 2382 235 10 45.2
3 2381 252 7 50.0
1 2380 158 10 32.7
3 2385 271 9 50.0
0 2384 276 10 50.0
2 2383 257 10 47.5
0 2388 244 10 45.3
3 2387 206 10 45.8
1 2386 272 9 50.0
3 2391 234 6 50.0
0 2390 287 6 50.0
2 2389 292 6 50.0
0 2394 208 10 34.3
3 2393 279 7 50.0
1 2392 251 9 50.0
3 2397 234 9 50.0
0 2396 252 9 50.0
2 2395 269 9 50.0
0 2400 215 10 42.8
3 2399 286 6 50.0
1 2398 255 8 50.0
3 2403 261 9 50.0
0 2402 262 10 43.3
2 2401 276 7 50.0
2 2407 317 6 50.0
2 2408 243 8 50.0
2 2409 238 8 50.0
2 2410 146 10 28.3
0 2406 272 9 50.0
3 2405 272 7 50.0
1 2404 260 8 50.0
3 2413 279 7 50.0
0 2412 299 8 50.0
2 2411 257 5 50.0
0 2416 259 9 50.0
3 2415 257 10 48.7
1 2414 236 10 46.7
3 2419 235 4 50.0
0 2418 255 10 50.0
2 2417 259 8 50.0
0 2422 241 7 50.0
3 2421 226 10 49.0
1 2420 272 6 50.0
3 2425 286 6 50.0
0 2424 241 10 43.0
2 2423 285 7 50.0
0 2428 283 2 50.0
3 2427 276 5 50.0
1 2426 227 7 50.0
3 2431 184 10 40.3
0 2430 247 10 47.0
2 2429 241 9 50.0
0 2434 261 6 50.0
3 2433 226 10 44.3
1 2432 261 7 50.0
3 2437 285 8 50.0
0 2436 242 5 50.0
2 2435 280 5 50.0
0 2440 199 10 45.2
3 2439 279 5 50.0
1 2438 264 9 50.0
3 2443 235 9 50.0
0 2442 243 9 50.0
2 2441 260 9 50.0
0 2446 268 9 50.0
3 2445 234 10 49.5
1 2444 267 7 50.0
3 2449 281 9 50.0
0 2448 243 9 50.0
2 2447 282 1 50.0
0 2452 260 9 50.0
3 2451 232 8 50.0
1 2450 266 7 50.0
3 2455 278 5 50.0
0 2454 253 7 50.0
2 2453 218 10 41.8
0 2458 269 9 50.0
3 2457 249 7 50.0
1 2456 232 8 50.0
3 2461 282 7 50.0
0 2460 267 4 50.0
2 2459 273 9 50.0
0 2464 291 7 50.0
3 2463 234 7 50.0
1 2462 168 10 34.7
3 2467 267 5 50.0
0 2466 242 5 50.0
2 2465 247 7 50.0
0 2470 202 8 50.0
3 2469 99 10 25.8
1 2468 138 10 26.8
3 2473 286 9 50.0
0 2472 153 10 32.2
2 2471 274 8 50.0
0 2476 105 10 20.8
3 2475 189 10 36.8
1 2474 243 8 50.0
3 2479 216 10 43.3
0 2478 266 7 50.0
2 2477 266 5 50.0
0 2482 283 7 50.0
3 2481 264 7 50.0
1 2480 222 9 50.0
3 2485 245 8 50.0
0 2484 259 7 50.0
2 2483 219 10 44.7
0 2488 245 8 50.0
3 2487 256 3 50.0
1 2486 280 7 50.0
3 2491 251 7 50.0
0 2490 229 9 50.0
2 2489 228 9 50.0
0 2494 259 7 50.0
3 2493 257 7 50.0
1 2492 246 9 50.0
3 2497 188 10 29.7
0 2496 230 8 50.0
2 2495 255 8 50.0
0 2500 195 10 36.0
3 2499 111 10 24.2
1 2498 159 10 35.0
3 2503 239 8 50.0
0 2502 210 10 39.8
2 2501 236 10 40.0
0 2506 218 6 50.0
3 2505 266 5 50.0
1 2504 266 8 50.0
3 2509 252 8 50.0
0 2508 227 10 42.5
2 2507 206 10 41.5
0 2512 286 10 49.7
3 2511 192 10 44.3
1 2510 304 6 50.0
3 2515 250 7 50.0
0 2514 273 9 50.0
2 2513 197 10 45.0
0 2518 238 10 45.8
3 2517 244 10 45.8
3 2521 290 5 50.0
3 2522 216 8 50.0
3 2523 215 10 41.7
3 2524 249 8 50.0
1 2516 255 8 50.0
3 2525 249 8 50.0
0 2520 269 9 50.0
2 2519 254 9 50.0
0 2528 256 6 50.0
3 2527 256 10 46.3
1 2526 207 6 50.0
3 2531 264 7 50.0
0 2530 257 8 50.0
2 2529 192 10 41.8
0 2534 246 10 42.7
3 2533 285 7 50.0
1 2532 251 4 50.0
3 2537 268 10 49.0
0 2536 212 10 48.7
2 2535 241 6 50.0
0 2540 239 7 50.0
3 2539 203 10 43.3
1 2538 251 7 50.0
3 2543 251 8 50.0
0 2542 212 3 50.0
2 2541 217 10 44.0
0 2546 278 7 50.0
3 2545 201 8 50.0
1 2544 246 6 50.0
3 2549 204 10 38.5
0 2548 257 7 50.0
2 2547 210 10 39.7
0 2552 229 9 50.0
3 2551 243 9 50.0
1 2550 252 6 50.0
3 2555 257 7 50.0
0 2554 240 10 42.2
2 2553 168 10 42.2
0 2558 241 7 50.0
3 2557 257 10 49.0
1 2556 240 7 50.0
3 2561 144 10 34.5
0 2560 166 10 36.7
2 2559 239 8 50.0
0 2564 217 8 50.0
3 2563 163 10 30.2
1 2562 243 5 50.0
3 2567 329 5 50.0
0 2566 267 9 50.0
2 2565 267 6 50.0
0 2570 284 9 50.0
3 2569 306 6 50.0
1 2568 255 10 46.7
3 2573 279 6 50.0
0 2572 243 1 50.0
2 2571 258 7 50.0
0 2576 267 10 45.0
3 2575 258 5 50.0
1 2574 293 4 50.0
3 2579 235 7 50.0
0 2578 221 10 39.5
2 2577 220 10 46.2
0 2582 216 10 43.5
3 2581 207 10 37.7
1 2580 243 5 50.0
3 2585 243 10 48.5
0 2584 265 7 50.0
2 2583 146 10 35.2
0 2588 252 9 50.0
3 2587 257 9 50.0
1 2586 245 10 49.5
3 2591 137 10 26.7
0 2590 195 10 41.8
2 2589 248 7 50.0
0 2594 263 6 50.0
3 2593 218 10 39.5
1 2592 287 5 50.0
3 2597 301 7 50.0
0 2596 116 10 24.8
2 2595 257 8 50.0
0 2600 222 4 50.0
3 2599 208 10 37.5
1 2598 249 8 50.0
3 2603 243 4 50.0
0 2602 245 10 46.8
2 2601 249 7 50.0
0 2606 246 8 50.0
3 2605 175 10 43.0
1 2604 224 10 47.0
1 2610 253 8 50.0
1 2611 157 10 34.5
1 2612 252 6 50.0
1 2613 286 8 50.0
3 2609 292 6 50.0
0 2608 266 3 50.0
2 2607 257 9 50.0
0 2616 250 8 50.0
3 2615 191 10 37.5
1 2614 239 5 50.0
3 2619 235 6 50.0
0 2618 243 3 50.0
2 2617 215 5 50.0
0 2622 219 10 44.2
3 2621 155 10 32.3
1 2620 245 8 50.0
3 2625 265 7 50.0
0 2624 262 6 50.0
2 2623 289 6 50.0
0 2628 303 6 50.0
3 2627 263 5 50.0
1 2626 223 8 50.0
3 2631 152 10 28.7
0 2630 245 6 50.0
2 2629 238 8 50.0
0 2634 303 9 50.0
3 2633 256 2 50.0
1 2632 258 5 50.0
3 2637 298 7 50.0
0 2636 256 8 50.0
2 2635 246 10 43.7
0 2640 246 10 49.5
3 2639 262 7 50.0
1 2638 243 8 50.0
3 2643 263 8 50.0
0 2642 262 7 50.0
2 2641 253 7 50.0
0 2646 216 9 50.0
3 2645 256 8 50.0
1 2644 241 8 50.0
3 2649 295 8 50.0
0 2648 239 8 50.0
2 2647 267 6 50.0
0 2652 198 10 37.3
3 2651 244 8 50.0
1 2650 218 10 37.7
3 2655 265 5 50.0
0 2654 259 7 50.0
2 2653 258 10 46.7
0 2658 230 10 47.5
3 2657 222 8 50.0
1 2656 276 9 50.0
3 2661 273 7 50.0
0 2660 240 9 50.0
2 2659 244 7 50.0
0 2664 253 6 50.0
3 2663 245 6 50.0
1 2662 287 8 50.0
3 2667 217 10 46.7
0 2666 173 10 29.7
2 2665 267 9 50.0
0 2670 262 8 50.0
3 2669 213 6 50.0
1 2668 260 7 50.0
3 2673 274 10 45.8
0 2672 198 10 44.0
2 2671 239 9 50.0
0 2676 283 5 50.0
3 2675 268 5 50.0
1 2674 255 4 50.0
3 2679 256 9 50.0
0 2678 266 8 50.0
2 2677 183 10 35.2
0 2682 248 7 50.0
3 2681 291 4 50.0
1 2680 255 8 50.0
3 2685 182 10 38.7
0 2684 258 6 50.0
2 2683 246 9 50.0
0 2688 239 7 50.0
3 2687 237 7 50.0
1 2686 237 10 39.8
3 2691 273 8 50.0
0 2690 282 8 50.0
2 2689 226 5 50.0
0 2694 249 6 50.0
3 2693 294 3 50.0
1 2692 268 8 50.0
3 2697 261 8 50.0
0 2696 277 7 50.0
2 2695 245 9 50.0
0 2700 250 4 50.0
3 2699 225 9 50.0
1 2698 265 10 47.5
3 2703 231 10 49.7
0 2702 233 10 48.3
2 2701 222 5 50.0
0 2706 209 10 39.5
3 2705 311 6 50.0
1 2704 193 10 40.2
3 2709 202 10 41.0
0 2708 269 10 41.0
2 2707 226 10 40.8
0 2712 239 6 50.0
3 2711 273 9 50.0
1 2710 168 10 32.2
3 2715 268 3 50.0
0 2714 259 8 50.0
2 2713 186 10 33.8
0 2718 248 9 50.0
3 2717 279 7 50.0
1 2716 205 10 39.5
3 2721 249 10 46.7
0 2720 264 9 50.0
2 2719 209 10 39.5
0 2724 262 8 50.0
3 2723 290 8 50.0
1 2722 273 6 50.0
3 2727 134 10 30.5
0 2726 237 10 47.8
2 2725 258 10 45.3
0 2730 253 10 46.7
3 2729 235 10 47.5
1 2728 192 10 42.8
3 2733 246 10 42.7
0 2732 265 3 50.0
2 2731 269 9 50.0
0 2736 247 7 50.0
3 2735 254 9 50.0
1 2734 270 8 50.0
3 2739 202 10 44.3
0 2738 261 9 50.0
2 2737 114 10 22.3
0 2742 282 5 50.0
3 2741 180 10 31.8
1 2740 162 10 27.7
3 2745 220 10 40.8
0 2744 268 9 50.0
2 2743 326 5 50.0
0 2748 262 9 50.0
3 2747 150 10 31.5
1 2746 200 10 40.3
3 2751 270 10 49.7
0 2750 251 8 50.0
2 2749 250 6 50.0
0 2754 284 10 49.8
3 2753 254 10 49.7
1 2752 283 8 50.0
3 2757 245 7 50.0
0 2756 281 9 50.0
2 2755 230 9 50.0
0 2760 290 8 50.0
3 2759 267 5 50.0
1 2758 243 9 50.0
3 2763 241 9 50.0
0 2762 297 7 50.0
2 2761 247 10 41.5
0 2766 215 10 42.7
3 2765 257 7 50.0
1 2764 109 10 24.8
3 2769 269 8 50.0
0 2768 232 10 44.8
2 2767 203 10 38.0
0 2772 270 7 50.0
3 2771 242 8 50.0
1 2770 114 10 19.7
3 2775 234 7 50.0
0 2774 224 7 50.0
2 2773 219 10 42.8
0 2778 282 9 50.0
3 2777 311 3 50.0
1 2776 245 6 50.0
3 2781 246 10 49.3
0 2780 287 2 50.0
2 2779 236 8 50.0
2 2785 230 10 43.2
2 2786 268 9 50.0
2 2787 279 6 50.0
0 2784 135 10 28.3
3 2783 262 9 50.0
1 2782 237 5 50.0
3 2790 270 8 50.0
0 2789 218 8 50.0
2 2788 251 9 50.0
0 2793 296 8 50.0
3 2792 280 7 50.0
1 2791 285 7 50.0
3 2796 288 7 50.0
0 2795 255 6 50.0
2 2794 256 7 50.0
0 2799 309 7 50.0
3 2798 277 9 50.0
1 2797 192 10 38.7
3 2802 254 7 50.0
0 2801 269 6 50.0
2 2800 248 9 50.0
0 2805 262 10 46.8
3 2804 233 3 50.0
1 2803 252 9 50.0
3 2808 312 4 50.0
0 2807 277 7 50.0
2 2806 254 5 50.0
2 2812 266 7 50.0
2 2813 232 10 45.0
2 2814 263 10 49.8
2 2815 252 9 50.0
3 2810 279 9 50.0
1 2809 127 10 26.0
0 2811 266 9 50.0
Prob. of tie = 34208 / 3960705 = 0.0086 
