1000887_1 268 9 50.0
1000887_2 176 10 42.7
1000889_1 220 10 48.3
1000889_2 221 4 47.7
1000891_1 263 7 50.0
1000891_2 265 3 45.0
1000893_1 353 6 50.0
1000893_2 267 10 43.8
1000895_1 369 7 50.0
1000895_2 312 10 49.2
1001371_1 324 8 50.0
1001371_2 256 10 44.3
1001373_1 378 5 50.0
1001373_2 262 10 47.3
1001375_1 264 8 50.0
1001375_2 147 10 36.2
1003271_1 283 4 47.3
1003273_1 178 6 37.3
1003273_2 132 10 27.2
1004283_1 153 6 20.0
1004283_2 136 4 18.0
1004285_1 266 7 50.0
1004285_2 213 10 46.2
1007649_1 168 10 49.8
1007649_2 173 1 42.5
1007651_1 126 9 34.5
1007651_2 129 2 26.8
1007653_1 123 10 42.3
1007653_2 126 0 21.8
1019973_1 341 7 50.0
1019973_2 264 10 44.8
1019975_1 251 10 50.0
1019975_2 184 10 42.7
1019977_1 236 9 50.0
1019977_2 239 3 41.3
1020013_1 286 9 50.0
1020013_2 280 10 47.0
1020017_1 281 9 50.0
1020017_2 257 10 47.0
1020031_1 207 7 34.0
1020031_2 210 6 33.8
1020033_1 289 4 50.0
1020033_2 283 9 50.0
1020035_1 271 8 50.0
1020035_2 112 10 32.3
1020037_1 279 8 50.0
1020037_2 280 3 45.0
1020039_1 149 10 41.2
1020039_2 150 4 32.3
1022347_1 305 6 50.0
1022347_2 308 2 47.3
1022349_1 291 10 45.0
1022349_2 53 3 9.0
1022351_1 299 6 50.0
1022351_2 203 10 41.5
1022353_1 319 3 48.0
1022353_2 164 9 33.7
1022355_1 182 10 44.5
1022355_2 83 1 16.0
1022357_1 310 10 49.5
1022357_2 223 10 44.5
1022359_1 219 8 50.0
1022359_2 119 3 27.0
1022361_1 321 6 50.0
1022361_2 322 4 48.7
1022363_1 265 8 50.0
1022363_2 268 5 47.3
1022365_1 277 9 50.0
1022365_2 240 4 40.3
1022367_1 191 10 44.5
1022367_2 193 2 38.0
1022369_1 236 10 49.3
1022369_2 237 7 44.8
1022371_1 211 10 49.8
1022371_2 215 2 37.2
1022373_1 264 7 50.2
1022373_2 265 1 40.2
1022375_1 338 4 50.0
1022375_2 158 10 30.5
1026847_1 269 10 49.7
1026847_2 163 10 38.3
1026849_1 201 10 45.8
1026849_2 187 10 48.2
1026851_1 244 7 50.0
1026851_2 181 3 33.5
1027315_1 296 6 50.0
1027315_2 251 10 47.3
1027317_1 225 10 47.8
1027317_2 226 6 48.3
1027319_1 328 10 50.0
1027319_2 142 10 39.3
1029001_1 126 10 33.0
1029001_2 127 3 20.0
1029003_1 328 6 50.0
1029003_2 243 10 46.2
1029819_1 309 8 50.0
1029819_2 288 10 47.8
1029821_1 238 8 50.0
1029821_2 204 10 44.7
1029823_1 277 6 50.0
1029823_2 278 6 47.8
1030219_1 190 10 43.8
1030219_2 194 4 33.2
1030221_1 242 9 50.0
1030221_2 236 10 49.5
1030223_1 285 10 49.7
1030223_2 289 3 48.3
1030225_1 260 7 50.0
1030225_2 241 10 48.7
1030227_1 269 6 50.0
1030227_2 79 10 23.2
1031425_1 339 6 50.0
1031425_2 267 10 45.0
1031427_1 330 6 50.0
1031427_2 328 5 50.0
1031429_1 153 10 31.2
1031429_2 156 3 28.8
1033361_1 157 4 31.2
1033363_1 289 7 50.0
1033363_2 238 10 45.5
1033365_1 257 9 50.0
1033365_2 258 6 47.5
1033367_1 181 10 46.5
1033367_2 182 2 27.2
1033369_1 344 6 50.0
1033369_2 154 10 39.5
1033371_1 270 8 50.0
1033371_2 271 5 48.3
1034819_1 350 7 50.0
1034819_2 356 7 48.2
1034821_1 381 6 50.0
1034821_2 366 8 50.0
1034823_1 321 8 50.0
1034823_2 316 9 50.0
1040491_1 292 7 50.0
1040491_2 262 10 46.8
1040493_1 338 10 50.0
1040493_2 304 10 47.5
1040495_1 264 8 50.0
1040495_2 265 4 48.5
1040497_1 220 10 49.8
1040497_2 224 7 46.8
1040499_1 229 10 48.2
1040499_2 231 3 48.7
1050223_1 284 9 49.0
1050223_2 175 10 38.7
1050225_1 337 5 50.0
1050225_2 278 7 50.0
1050227_1 308 6 50.0
1050227_2 172 10 44.0
1051297_1 265 10 50.0
1051297_2 258 10 50.0
1051299_1 208 10 49.3
1051299_2 212 8 49.7
1051301_1 279 8 50.0
1051301_2 138 10 33.8
1059710_1 154 10 41.5
1059710_2 155 2 24.5
1059711_1 227 10 49.3
1059711_2 165 10 43.2
1059712_1 257 10 50.0
1059712_2 257 8 50.0
1059713_1 55 2 13.5
1059714_1 330 7 50.0
1059714_2 329 9 50.0
1059715_1 218 8 49.0
1059715_2 124 5 27.5
1059716_1 160 10 36.5
1059716_2 166 4 37.5
1068737_1 232 8 50.0
1068737_2 206 10 47.7
1077949_1 308 5 50.0
1077949_2 309 6 49.0
1077950_1 282 5 50.0
1077950_2 208 10 44.8
1077951_1 233 9 50.0
1077951_2 236 4 43.2
1078659_1 205 10 48.7
1078659_2 206 3 44.3
1078660_1 173 10 45.3
1078660_2 174 6 41.8
1078661_1 174 10 48.8
1078661_2 175 4 38.2
1079246_1 215 10 49.3
1079246_2 99 4 27.3
1079247_1 238 9 50.0
1079247_2 184 10 42.2
1079248_1 129 10 32.7
1079248_2 126 10 29.5
1079249_1 111 10 38.8
1079249_2 107 3 22.3
1079250_1 253 9 50.0
1079250_2 54 10 13.8
1080630_1 270 10 49.5
1080630_2 185 10 41.7
1080631_1 202 10 47.8
1080631_2 203 2 41.8
1083446_1 324 5 50.0
1083446_2 234 10 45.2
1083447_1 311 10 49.8
1083448_1 280 9 50.0
1083448_2 210 10 44.5
1089183_1 251 9 50.0
1089183_2 148 10 35.3
1089419_1 317 6 50.0
1089419_2 272 10 41.7
1089420_1 169 10 42.0
1089420_2 171 4 37.0
1089779_1 212 6 50.0
1089779_2 149 10 44.7
1089780_1 135 10 37.5
1089780_2 138 6 39.3
1098206_1 199 3 39.3
1098207_1 310 5 43.0
1098207_2 205 6 43.0
1098208_1 251 4 50.0
1098208_2 158 10 38.2
1098209_1 189 9 50.0
1098209_2 178 10 49.7
1098210_1 205 9 50.0
1098210_2 206 2 36.8
1104478_1 316 5 50.0
1104478_2 322 4 47.7
1104479_1 155 10 33.7
1104479_2 158 3 30.2
1104480_1 310 8 50.0
1104480_2 312 2 47.3
1104481_1 300 6 50.0
1104481_2 219 6 29.3
1104482_1 203 8 50.0
1104482_2 204 7 38.2
1144483_1 311 8 50.0
1144483_2 207 10 39.8
1144484_1 105 10 21.7
1144484_2 108 3 13.7
1144485_1 136 10 29.3
1144485_2 137 0 16.2
1144486_1 207 10 38.3
1144486_2 209 3 34.8
1144487_1 330 6 50.0
1144487_2 309 8 50.0
1144488_1 348 8 50.0
1144488_2 334 9 50.0
1144489_1 201 10 36.8
1144489_2 152 10 32.7
1144490_1 227 9 50.0
1144490_2 230 4 47.5
1144491_1 244 10 49.3
1144491_2 248 8 47.2
1144492_1 288 10 49.0
1144492_2 273 9 50.0
1144494_1 386 6 50.0
1144494_2 280 10 48.8
1144495_1 172 10 41.2
1144495_2 173 3 32.2
1144496_1 352 5 50.0
1144496_2 316 10 50.0
1144497_1 29 2 7.5
1144499_1 307 10 49.0
1144499_2 266 10 45.7
1144501_1 212 10 44.7
1144501_2 213 2 33.2
1144502_1 334 7 50.0
1144502_2 247 10 45.8
1144503_1 125 10 34.2
1144503_2 131 1 28.7
1144504_1 336 5 50.0
1144504_2 212 6 40.0
1144505_1 321 8 50.0
1144505_2 322 3 41.5
1144506_1 397 6 50.0
1144506_2 247 8 50.0
1144507_1 241 6 49.0
1144507_2 245 6 48.5
1144508_1 381 5 50.0
1144508_2 333 8 50.0
1144509_1 232 9 50.0
1144509_2 212 10 47.0
1144510_1 224 8 50.0
1144510_2 213 10 49.8
1144511_1 291 8 50.0
1144511_2 286 10 49.0
1144512_1 308 7 50.2
1144512_2 259 9 50.0
1144513_1 262 7 50.0
1144513_2 200 10 47.0
1144514_1 285 7 50.0
1144514_2 221 10 44.7
1144515_1 237 6 50.0
1144515_2 241 4 49.2
1144516_1 268 7 50.0
1144516_2 143 10 34.3
1144517_1 203 10 49.5
1144517_2 206 1 37.3
1144518_1 227 9 50.0
1144518_2 230 7 49.7
1144519_1 243 9 50.0
1144519_2 157 10 43.7
1144520_1 337 7 50.0
1144520_2 306 5 50.0
1144521_1 338 6 50.0
1144521_2 315 9 50.0
1144522_1 314 9 50.0
1144522_2 286 10 48.0
1144523_1 305 8 50.0
1144523_2 186 10 45.0
1144524_1 311 6 50.0
1144524_2 288 10 50.0
1144525_1 315 9 50.0
1144525_2 221 10 44.2
1144526_1 264 7 50.0
1144526_2 265 3 43.5
1144527_1 325 6 50.0
1144527_2 315 10 49.8
1144528_1 239 8 50.0
1144528_2 221 10 49.5
1144529_1 223 10 49.0
1144529_2 226 2 32.2
1144530_1 241 8 50.0
1144530_2 241 10 50.0
1144530_3 15 0 1.0
1144530_4 15 1 1.0
1161014_1 198 10 43.2
1161014_2 199 6 42.0
1168519_1 190 10 46.8
1168519_2 191 4 41.3
225171_1 301 7 50.0
225171_2 263 9 50.0
225245_1 202 10 49.3
225245_2 46 1 7.0
225246_1 166 10 39.2
225246_2 169 3 36.7
225247_1 271 9 50.0
225247_2 274 8 48.8
225248_1 235 8 50.0
225248_2 237 2 46.3
225249_1 154 9 50.0
225249_2 155 7 31.0
225250_1 257 9 50.0
225250_2 237 9 50.0
225251_1 319 8 50.0
225251_2 273 10 46.7
225252_1 261 7 50.0
225252_2 265 2 42.3
225253_1 318 7 50.0
225253_2 285 10 48.5
225254_1 321 7 50.0
225254_2 324 2 37.5
226375_1 228 10 49.8
226375_2 231 5 48.8
226376_1 245 10 49.3
226376_2 186 10 47.0
226377_1 281 7 50.0
226377_2 201 9 50.0
226378_1 344 6 50.0
226378_2 287 6 50.0
226380_1 309 7 50.0
226380_2 258 10 50.0
226381_1 218 8 50.0
226381_2 219 5 48.5
226382_1 233 8 50.0
226382_2 237 4 41.0
226383_1 282 6 50.0
226383_2 188 10 44.3
226384_1 263 5 50.0
226384_2 254 8 50.0
226385_1 221 10 47.7
226385_2 224 5 45.2
226386_1 257 9 50.0
226386_2 181 10 43.7
226391_1 255 7 50.0
226391_2 256 5 48.0
226392_1 224 9 50.0
226392_2 203 10 46.7
235831_1 328 10 49.7
235831_2 311 7 47.0
236358_1 274 8 50.0
236358_2 252 10 49.2
236520_1 265 10 49.3
236520_2 266 3 43.2
236595_1 368 5 50.0
236595_2 201 10 36.0
236809_1 288 8 50.0
236809_2 292 5 47.7
236963_1 266 9 50.0
236963_2 267 1 45.5
237222_1 161 10 41.8
237222_2 162 5 32.5
237568_1 288 9 50.0
237568_2 207 10 47.5
237571_1 286 8 49.8
237571_2 287 2 46.8
237574_1 118 10 35.8
237574_2 119 5 24.3
238169_1 212 10 49.0
238169_2 213 6 47.0
238170_1 309 7 50.0
238170_2 231 9 50.0
238173_1 195 10 47.0
238173_2 196 6 44.2
238174_1 250 5 50.0
238174_2 183 10 48.0
238175_1 124 10 42.5
238175_2 127 1 22.7
238176_1 200 9 50.0
238176_2 204 7 42.0
238177_1 276 6 50.0
238177_2 255 10 49.0
238178_1 324 6 50.0
238178_2 233 8 50.0
238179_1 233 10 49.5
238179_2 234 7 49.7
238188_1 203 10 46.7
238188_2 164 10 38.2
238189_1 226 10 49.8
238189_2 230 6 48.8
238190_1 294 6 50.0
238190_2 245 10 48.8
238193_1 223 10 48.0
238193_2 227 6 42.7
238194_1 288 10 49.8
238194_2 289 3 49.2
238196_1 229 8 47.0
238196_2 207 4 37.5
238197_1 289 7 50.0
238197_2 93 10 34.5
238198_1 254 6 50.0
238198_2 230 10 47.3
238199_1 246 9 50.0
238199_2 247 9 49.2
238200_1 434 4 50.0
238200_2 438 9 49.8
238213_1 201 8 50.0
238214_1 130 10 44.3
238214_2 134 6 44.7
238215_1 224 10 49.7
238215_2 229 6 45.3
239907_1 151 9 49.8
239907_2 154 5 38.3
239908_1 242 9 50.0
239908_2 144 10 46.2
239911_1 152 10 49.3
239911_2 156 0 27.7
239912_1 263 6 50.0
239912_2 72 2 12.2
239913_1 266 8 49.8
239913_2 162 10 49.0
239916_1 198 9 50.0
239916_2 197 10 49.7
239917_1 245 9 50.0
239917_2 248 6 49.8
239918_1 217 7 50.0
239918_2 218 4 44.0
239919_1 255 6 50.0
239919_2 236 10 48.0
244510_1 197 10 50.0
244510_2 201 4 48.5
244511_1 269 5 50.0
244511_2 218 10 45.3
247457_1 241 9 50.0
247457_2 187 10 47.3
247458_1 334 6 50.0
247458_2 131 9 40.2
247460_1 321 6 49.8
247460_2 78 10 24.7
247461_1 221 9 49.8
247461_2 221 10 49.8
247462_1 353 3 40.0
247462_2 132 9 40.0
247463_1 209 7 50.0
247463_2 210 4 41.0
247464_1 191 10 49.5
247464_2 192 5 48.5
247465_1 132 10 45.7
247465_2 133 7 41.7
247466_1 358 5 50.0
247466_2 129 10 26.8
247467_1 279 6 50.0
247467_2 228 7 50.0
247468_1 413 5 50.0
247468_2 156 10 43.2
247469_1 202 5 50.0
247469_2 204 4 47.8
247470_1 186 8 50.0
247470_2 188 3 23.3
247471_1 331 7 50.0
247471_2 183 10 49.3
247472_1 318 4 50.0
247472_2 112 10 37.0
247473_1 349 10 49.8
247473_2 99 10 19.2
247474_1 136 10 34.2
247474_2 140 2 23.8
247475_1 363 5 50.2
247475_2 249 10 49.3
247476_1 254 6 50.0
247476_2 185 10 43.5
247477_1 183 8 48.0
247477_2 190 2 38.2
247478_1 377 6 50.0
247478_2 294 10 48.0
247479_1 177 10 43.0
247479_2 178 3 33.0
247480_1 94 9 21.0
247480_2 96 3 17.5
247481_1 322 6 50.0
247481_2 219 10 45.5
247482_1 209 10 49.5
247482_2 212 9 48.3
247483_1 177 10 44.7
247483_2 179 3 39.3
247484_1 266 7 50.0
247484_2 218 10 48.2
247485_1 104 6 22.0
247485_2 106 0 13.8
247486_1 303 5 50.0
247486_2 190 10 44.5
247487_1 174 10 48.5
247487_2 178 1 29.3
247488_1 152 8 35.0
247488_2 165 3 31.5
247489_1 235 10 50.0
247489_2 233 8 49.8
247490_1 251 8 50.0
247490_2 184 10 48.5
247491_1 247 10 49.8
247491_2 248 3 47.3
247492_1 263 8 50.0
247492_2 134 10 37.7
247493_1 356 4 50.2
247493_2 289 9 50.0
247494_1 143 10 37.3
247494_2 147 6 44.8
247495_1 219 7 50.0
247495_2 222 4 45.2
247496_1 91 10 30.0
247496_2 92 1 12.3
247497_1 193 7 50.0
247497_2 196 5 48.3
247498_1 243 7 50.0
247498_2 169 10 41.3
247499_1 226 10 49.7
247499_2 232 3 42.7
247500_1 154 10 48.0
247500_2 157 1 19.3
247501_1 77 10 27.7
247501_2 81 2 10.0
247502_1 230 5 50.0
247502_2 131 10 43.8
247503_1 348 6 50.0
247503_2 133 10 25.8
247504_1 300 10 49.8
247504_2 301 9 49.8
247505_1 289 5 50.0
247505_2 208 10 41.7
247506_1 149 10 43.8
247506_2 153 3 31.5
247507_1 281 4 38.0
247507_2 215 8 36.0
249207_1 197 10 49.5
249207_2 201 2 44.7
249211_1 248 8 50.0
249211_2 91 10 29.2
249212_1 274 7 50.0
249212_2 168 10 41.5
249213_1 243 8 50.0
249213_2 163 10 38.2
249214_1 200 9 50.0
249214_2 201 1 31.3
249228_1 289 8 50.0
249228_2 184 10 38.5
249229_1 218 10 47.7
249229_2 224 8 48.7
249230_1 343 5 50.0
249230_2 335 5 50.0
249231_1 290 7 50.0
249231_2 291 5 48.2
249232_1 242 8 50.0
249232_2 246 2 45.3
249233_1 155 10 42.0
249233_2 156 6 38.7
249234_1 110 10 34.5
249234_2 111 1 24.5
249235_1 292 7 50.0
249235_2 200 10 38.8
249236_1 205 9 50.0
249236_2 206 7 49.8
249237_1 210 10 50.0
249237_2 120 10 37.8
249238_1 318 7 50.0
249238_2 260 8 50.0
249239_1 270 7 50.0
249239_2 256 8 50.0
249240_1 252 10 48.5
249240_2 253 6 49.5
249241_1 246 8 50.0
249241_2 152 8 27.0
249378_1 168 10 49.2
249378_2 170 4 30.2
249379_1 184 10 46.5
249379_2 185 8 46.0
249380_1 118 10 41.3
249380_2 120 4 27.0
249739_1 302 8 50.0
249739_2 265 9 50.0
249740_1 85 10 30.2
249740_2 90 1 14.3
249741_1 285 7 50.0
249741_2 141 10 42.5
249742_1 161 10 46.5
249742_2 164 0 36.7
249743_1 231 6 50.0
249743_2 130 10 44.7
249744_1 80 10 30.7
249744_2 83 1 13.3
249745_1 125 10 37.0
249745_2 126 6 29.5
249746_1 195 10 45.7
249746_2 108 10 34.2
249747_1 253 10 49.3
249747_2 255 6 48.2
249748_1 234 6 50.0
249748_2 224 9 50.0
249749_1 165 10 49.3
249749_2 166 3 36.0
249750_1 169 10 45.0
249750_2 170 4 36.8
249751_1 219 9 50.0
249751_2 141 10 39.2
249752_1 274 7 50.0
249752_2 223 10 46.5
249753_1 223 9 50.0
249753_2 224 7 49.7
249754_1 213 8 50.0
249754_2 89 10 25.0
249755_1 272 4 50.0
249755_2 276 7 48.5
249756_1 249 8 50.0
249756_2 252 4 45.7
249757_1 240 9 50.0
249757_2 206 10 46.0
249758_1 258 8 50.0
249758_2 262 5 43.8
249759_1 138 10 30.7
249759_2 116 2 28.2
250668_1 392 6 50.0
250668_2 228 10 46.7
250669_1 351 4 50.0
250669_2 210 10 40.0
250670_1 245 8 49.8
250671_1 107 10 45.7
250671_2 113 0 14.0
250672_1 153 10 40.8
250672_2 156 1 28.3
251489_1 285 8 50.0
251489_2 289 3 40.0
251491_1 112 10 35.3
251491_2 110 6 24.5
251492_1 262 6 50.0
251492_2 73 10 26.5
251494_1 148 10 49.5
251494_2 149 0 27.0
251495_1 336 4 50.0
251495_2 340 5 48.5
251496_1 346 5 50.0
251496_2 350 9 49.5
255961_1 201 7 50.0
255961_2 202 5 43.7
256607_1 309 5 50.0
256607_2 141 2 20.0
256608_1 244 10 49.3
256608_2 35 5 8.0
256610_1 272 6 50.0
256610_2 273 7 47.3
256612_1 162 10 39.5
256612_2 146 10 41.0
256614_1 213 10 48.2
256614_2 195 10 43.8
256615_1 240 6 50.0
256615_2 113 10 34.2
256665_1 11 0 3.7
257470_1 418 5 50.0
257470_2 247 4 50.2
257769_1 151 10 49.8
257769_2 154 8 48.3
257770_1 207 7 46.5
257770_2 192 3 33.7
257771_1 209 10 49.8
257771_2 212 3 34.8
257772_1 238 7 50.0
257772_2 239 3 46.8
258465_1 225 10 49.8
258465_2 146 10 39.8
258466_1 278 5 50.0
258466_2 217 10 46.0
258467_1 289 5 50.0
258467_2 196 10 44.3
258471_1 288 2 50.0
258471_2 184 10 50.0
258472_1 329 7 50.0
258472_2 320 8 50.0
258473_1 281 8 50.0
258473_2 239 10 48.2
258474_1 212 10 49.7
258474_2 213 7 48.0
258475_1 324 6 50.2
258475_2 242 8 39.0
258476_1 316 6 50.0
258476_2 317 8 49.7
258477_1 187 10 47.5
258477_2 188 3 36.3
259384_1 235 8 50.0
259384_2 239 5 47.8
259389_1 91 10 27.0
259389_2 94 4 17.0
259390_1 178 9 50.0
259390_2 179 7 39.7
259391_1 223 8 50.0
259391_2 205 9 41.7
259793_1 152 10 49.7
259793_2 156 4 27.7
264068_1 217 7 50.0
264068_2 218 4 42.8
264069_1 220 10 49.3
264069_2 194 10 49.0
264070_1 146 10 47.3
264070_2 147 2 32.3
264071_1 193 8 50.2
264071_2 197 7 49.0
267386_1 162 8 21.0
267386_2 106 10 15.8
267387_1 194 10 46.5
267387_2 198 2 43.2
267389_1 254 8 50.0
267389_2 177 10 46.0
267391_1 250 9 50.0
267391_2 92 10 14.8
267708_1 268 10 48.0
267708_2 270 7 43.7
267709_1 341 3 50.0
267709_2 181 10 41.7
267710_1 102 3 18.3
267712_1 257 8 50.0
267712_2 252 9 50.0
267713_1 259 7 47.0
267713_2 263 3 41.0
267715_1 230 8 50.0
267715_2 233 5 46.5
275789_1 203 9 46.0
275789_2 212 3 39.8
282688_1 250 7 47.0
282688_2 251 5 46.0
282689_1 284 8 49.0
282689_2 238 9 49.0
289107_1 317 9 50.0
289107_2 283 10 47.8
289108_1 337 7 50.0
289108_2 306 10 49.8
289110_1 331 8 50.0
289110_2 318 7 50.2
291217_1 269 7 50.0
291217_2 150 10 34.8
291218_1 234 8 50.0
291218_2 169 10 44.5
291220_1 211 9 50.0
291220_2 212 5 46.8
291221_1 211 10 48.2
291221_2 104 10 29.2
291345_1 254 7 50.0
291345_2 255 3 42.5
291346_1 30 3 6.0
291347_1 282 6 50.0
291347_2 168 10 34.0
291359_1 194 10 45.0
291359_2 51 3 7.3
291360_1 267 4 50.0
291361_1 253 6 50.0
291361_2 125 10 31.5
291362_1 159 10 43.2
291362_2 160 5 45.8
291364_1 236 10 49.7
291364_2 173 10 45.5
291365_1 203 9 50.0
291365_2 153 10 41.3
291366_1 238 6 50.0
291366_2 239 8 49.2
291367_1 184 7 50.0
291367_2 77 4 29.5
291368_1 317 7 50.2
291368_2 299 10 49.2
291369_1 179 10 47.2
291369_2 180 3 32.3
291370_1 221 10 50.0
291370_2 208 10 48.2
291371_1 239 8 50.0
291371_2 242 4 45.8
291372_1 258 9 50.0
291372_2 249 10 49.7
293071_1 193 10 50.0
293071_2 171 1 34.8
293072_1 173 4 31.0
293072_2 131 10 30.8
293076_1 242 8 50.0
293076_2 245 6 49.5
293077_1 226 6 50.0
293077_2 227 4 49.2
293078_1 148 7 31.0
293078_2 152 4 30.3
293481_1 234 6 50.0
293481_2 164 10 40.5
293482_1 137 10 46.8
293482_2 141 5 31.2
293483_1 196 10 39.8
293483_2 157 10 37.2
295785_1 71 5 22.3
295788_1 84 4 17.3
296685_1 230 10 48.5
296685_2 233 6 48.7
296687_1 189 10 47.2
296687_2 193 6 43.2
296904_1 307 5 50.0
296904_2 193 10 42.8
296905_1 162 10 24.0
296905_2 127 2 19.0
296906_1 182 10 50.0
296906_2 160 10 46.5
296907_1 245 10 49.7
296907_2 246 9 50.0
296908_1 266 5 50.0
296908_2 215 10 47.8
296914_1 275 4 50.0
296914_2 255 10 49.7
296915_1 83 10 23.0
296915_2 85 0 14.2
296916_1 296 7 50.0
296916_2 170 10 42.7
296917_1 183 6 32.2
296917_2 137 3 17.7
296918_1 6 1 3.0
297793_1 307 7 50.0
297793_2 9 1 2.7
297794_1 306 6 50.0
297794_2 222 10 47.5
297795_1 290 7 50.0
297795_2 243 10 47.7
297796_1 291 4 50.0
297796_2 283 7 50.0
297797_1 148 10 39.7
297797_2 149 1 25.8
297798_1 317 8 50.0
297798_2 299 7 50.0
297799_1 193 10 41.5
297799_2 195 8 46.0
297801_1 239 7 50.0
297801_2 242 5 47.0
297802_1 321 9 49.8
297802_2 322 6 49.8
297803_1 294 6 50.0
297803_2 248 10 47.3
297804_1 255 6 50.0
297804_2 260 4 46.5
297805_1 306 6 50.0
297805_2 275 10 49.7
298796_1 248 6 50.0
298796_2 249 8 50.0
298797_1 209 9 50.0
298797_2 210 3 38.7
298798_1 238 8 50.0
298798_2 242 5 45.3
298805_1 175 10 35.8
298805_2 176 4 34.0
298806_1 255 9 50.0
298806_2 169 10 48.3
298807_1 252 7 50.0
298807_2 256 3 48.7
298808_1 263 9 50.0
298808_2 266 5 47.8
298809_1 295 7 50.0
298809_2 211 2 28.8
299006_1 294 5 50.0
299006_2 249 10 46.5
299007_1 265 9 50.0
299007_2 240 10 49.5
299008_1 197 10 49.3
299008_2 202 4 48.2
299009_1 230 9 50.0
299009_2 233 3 37.7
299010_1 233 9 50.0
299010_2 219 10 46.3
300426_1 201 10 46.5
300426_2 203 4 42.7
300427_1 335 5 50.0
300427_2 181 6 43.0
300428_1 93 10 37.8
300428_2 95 0 6.0
300437_1 130 10 49.7
300437_2 131 4 30.0
300438_1 158 10 35.2
300438_2 165 0 18.2
300439_1 234 9 50.0
300439_2 229 4 44.0
300440_1 340 6 50.0
300440_2 340 7 50.0
300441_1 242 7 50.0
300441_2 213 6 37.0
300486_1 206 10 50.0
300486_2 210 5 46.8
300487_1 247 7 50.0
300487_2 251 2 39.2
300488_1 323 9 50.0
300488_2 295 7 50.0
313992_1 174 10 41.3
313992_2 175 2 28.3
313993_1 183 9 50.0
313993_2 187 7 44.2
313994_1 167 10 46.7
313994_2 169 9 36.3
317578_1 274 8 50.0
317578_2 244 8 50.0
317579_1 286 10 50.0
317579_2 176 10 44.5
317581_1 232 9 50.0
317581_2 234 5 47.0
319134_1 235 7 50.0
319134_2 236 9 50.0
319135_1 112 5 30.5
319135_2 125 3 20.5
319136_1 257 8 50.0
319136_2 81 2 18.3
319143_1 273 8 50.0
319143_2 189 10 39.8
319144_1 213 5 50.0
319144_2 140 8 41.0
319145_1 223 10 48.0
319145_2 227 3 40.5
319146_1 282 8 49.8
319146_2 281 6 50.0
319147_1 341 8 50.0
319147_2 172 10 39.8
323949_1 178 10 48.3
323949_2 180 1 36.8
323950_1 173 10 48.3
323950_2 179 3 48.2
323951_1 143 10 42.8
323951_2 147 3 34.3
325569_1 201 8 50.0
325569_2 184 10 45.5
325572_1 141 8 35.0
325572_2 31 1 8.2
325576_1 18 2 8.0
325579_1 117 10 39.3
325579_2 120 4 22.3
325580_1 152 9 35.0
325580_2 129 3 23.7
325581_1 303 8 50.0
325581_2 147 10 46.0
325800_1 347 5 50.0
325800_2 243 7 50.0
325801_1 238 8 49.8
325801_2 239 5 46.3
325802_1 272 9 50.0
325802_2 235 7 50.0
325803_1 244 10 49.8
325803_2 245 3 47.2
325804_1 181 10 45.7
325804_2 187 3 30.8
335346_1 300 8 50.0
335346_2 204 10 45.7
335347_1 288 9 50.0
335347_2 133 10 37.3
335348_1 357 9 50.0
335348_2 226 7 50.0
335349_1 374 4 50.0
335349_2 118 10 36.8
335350_1 290 9 50.0
335350_2 148 10 36.5
335351_1 299 5 50.0
335351_2 301 4 42.2
335352_1 283 6 50.0
335352_2 284 3 43.3
335353_1 302 7 50.0
335353_2 238 9 50.0
335354_1 332 8 50.0
335354_2 174 10 38.5
335355_1 308 7 50.0
335355_2 309 3 45.5
335356_1 308 8 50.0
335356_2 310 4 46.8
335357_1 115 10 38.3
335357_2 116 0 19.7
335358_1 273 10 49.8
335358_2 173 10 39.5
336201_1 254 8 50.0
336201_2 74 10 27.7
336202_1 117 10 36.2
336202_2 118 2 22.7
336204_1 198 5 50.0
336204_2 125 9 29.8
343732_1 146 10 46.0
343732_2 147 2 34.8
343733_1 142 10 38.5
343733_2 143 7 39.7
343734_1 237 9 50.0
343734_2 204 10 49.0
343736_1 227 6 50.0
343736_2 103 10 26.5
343759_1 322 5 50.0
343759_2 129 10 29.8
343760_1 225 8 48.3
343760_2 160 3 23.3
343761_1 308 8 50.0
343761_2 285 7 50.0
343762_1 210 10 49.2
343762_2 212 3 44.5
343763_1 329 9 50.0
343763_2 179 10 40.8
345468_1 233 10 39.5
345468_2 163 8 40.0
345469_1 330 8 50.0
345469_2 190 10 35.7
345470_1 222 10 49.8
345470_2 223 3 35.2
345471_1 315 4 50.0
345471_2 290 10 48.3
350043_1 260 5 50.0
350043_2 256 8 50.0
350044_1 249 8 50.0
350044_2 210 10 46.2
350045_1 228 9 50.0
350045_2 230 4 48.5
350046_1 220 10 46.5
350046_2 221 3 43.7
350047_1 299 10 50.0
350047_2 302 6 48.3
350048_1 296 8 50.0
350048_2 185 10 41.0
350049_1 176 10 45.8
350049_2 177 6 40.0
350348_1 283 8 50.0
350348_2 222 10 44.3
350477_1 286 7 50.0
350477_2 145 10 33.2
350478_1 131 10 40.3
350478_2 132 3 26.3
350479_1 289 6 50.0
350479_2 264 7 50.0
350480_1 317 6 50.0
350480_2 256 10 45.8
350481_1 303 7 50.0
350481_2 256 10 45.8
351684_1 271 8 50.0
351684_2 272 7 49.5
351685_1 249 9 50.0
351685_2 244 6 50.0
351686_1 269 10 49.3
351686_2 270 7 46.5
351687_1 222 10 48.0
351687_2 223 2 38.2
351688_1 288 6 50.0
351688_2 249 10 49.0
351689_1 181 10 48.7
351689_2 182 8 50.0
351690_1 225 5 50.0
351690_2 226 4 48.8
351691_1 301 9 50.0
351691_2 269 10 47.5
351692_1 244 8 50.0
351692_2 247 4 48.3
351693_1 168 4 22.0
351693_2 123 6 14.0
352665_1 270 7 50.0
352665_2 244 7 46.3
352666_1 264 8 50.0
352666_2 243 10 48.3
352667_1 117 10 41.5
352667_2 117 2 14.8
352668_1 239 9 50.0
352668_2 136 1 18.5
352669_1 172 5 29.0
352669_2 146 10 28.0
360800_1 336 7 50.0
360800_2 177 10 49.2
361043_1 387 5 50.0
361043_2 229 10 37.7
361044_1 292 9 50.0
361044_2 238 10 47.0
361045_1 240 10 48.7
361045_2 198 5 40.0
361046_1 166 4 22.0
361046_2 178 8 22.0
361047_1 270 4 50.0
361047_2 273 4 43.7
366341_1 258 10 49.7
366341_2 212 10 46.5
366623_1 273 4 38.0
366623_2 162 9 28.0
366624_1 270 5 47.0
366624_2 201 0 23.5
366625_1 149 10 36.5
366625_2 151 2 23.3
366626_1 188 4 28.7
366627_1 392 5 50.0
366627_2 334 10 45.2
366709_1 129 5 35.7
366711_1 128 10 41.7
366711_2 129 3 20.5
374059_1 294 9 50.0
374059_2 295 6 49.8
374060_1 232 10 49.0
374060_2 208 10 48.8
375456_1 127 10 31.0
375456_2 130 4 33.5
375457_1 67 10 31.0
375457_2 68 1 17.7
375460_1 171 7 28.0
375460_2 166 7 28.0
375462_1 152 10 48.8
375462_2 133 10 44.0
377313_1 339 6 50.0
377313_2 319 10 48.2
377314_1 188 10 48.3
377314_2 192 2 34.2
377315_1 186 7 27.0
377315_2 159 4 21.8
377316_1 27 1 7.5
378753_1 205 9 50.0
378753_2 167 10 46.3
378755_1 147 10 30.5
378755_2 151 5 23.8
378759_1 119 9 37.0
378759_2 121 4 32.5
380715_1 160 10 38.5
380715_2 161 4 36.0
380716_1 328 7 50.0
380716_2 270 10 49.7
383275_1 203 9 50.0
383275_2 112 9 20.0
385025_1 234 10 49.5
385025_2 236 6 48.2
385749_1 219 10 45.3
385749_2 220 2 46.0
385750_1 290 8 50.0
385750_2 161 10 34.8
385751_1 309 5 50.0
385751_2 75 10 22.8
386530_1 246 7 50.0
386530_2 247 4 48.2
386531_1 256 9 50.0
386531_2 241 10 49.3
386532_1 363 5 50.0
386532_2 216 10 41.7
386533_1 332 5 50.0
386533_2 265 10 48.0
386534_1 320 8 50.0
386534_2 252 10 48.8
387566_1 250 9 50.0
387566_2 252 3 46.0
387567_1 354 6 50.0
387567_2 242 10 41.5
387568_1 119 10 36.8
387568_2 121 3 31.3
390204_1 232 7 50.0
390204_2 233 3 37.7
390227_1 252 7 50.0
390227_2 104 10 30.8
390253_1 295 8 50.0
390253_2 206 10 40.0
392616_1 168 10 38.8
392616_2 171 6 44.2
392617_1 207 10 46.3
392617_2 208 4 45.2
392618_1 198 7 50.0
392618_2 171 10 47.2
392619_1 197 10 48.5
392619_2 200 2 44.3
392620_1 250 4 50.0
392620_2 254 3 47.0
401073_1 246 9 50.0
401073_2 194 10 43.7
401074_1 274 6 50.0
401074_2 276 7 49.0
401075_1 248 10 47.7
401075_2 249 7 48.8
403370_1 232 9 50.0
403370_2 196 10 44.7
403371_1 168 10 47.0
403371_2 169 4 43.7
403372_1 288 8 50.0
403372_2 289 4 46.5
403373_1 321 5 50.0
403373_2 175 10 36.2
403374_1 279 8 50.0
403374_2 147 10 34.3
403380_1 216 7 50.0
403380_2 119 10 36.2
403381_1 307 6 50.0
403381_2 168 10 37.3
403382_1 155 10 46.5
403382_2 156 4 40.5
403383_1 319 5 50.0
403383_2 273 10 46.7
406192_1 256 8 50.0
406192_2 143 10 34.3
406193_1 170 10 39.7
406193_2 171 2 26.5
406194_1 225 10 49.8
406194_2 6 0 1.0
406195_1 324 7 50.0
406195_2 274 8 50.0
406196_1 324 5 50.0
406196_2 199 10 36.8
406202_1 274 10 49.7
406202_2 275 5 48.5
406203_1 267 6 50.0
406203_2 127 10 37.5
406204_1 286 6 50.0
406204_2 246 10 47.7
406205_1 277 8 50.0
406205_2 142 10 37.8
406206_1 212 10 49.5
406206_2 213 8 49.3
410337_1 207 10 47.8
410337_2 211 2 34.5
410338_1 320 8 50.0
410338_2 271 10 46.2
410339_1 323 7 49.8
410339_2 254 10 44.3
410340_1 312 8 50.0
410340_2 313 6 48.2
410341_1 209 10 46.7
410341_2 212 5 47.8
415162_1 113 10 33.2
415162_2 117 1 16.3
415273_1 319 8 50.0
415273_2 206 7 37.7
415274_1 133 10 34.5
415274_2 134 5 30.5
415275_1 214 10 47.8
415275_2 217 5 41.2
415276_1 212 10 47.5
415276_2 213 4 45.0
415277_1 275 8 50.0
415277_2 225 9 46.8
415278_1 302 9 50.0
415278_2 248 10 44.8
415279_1 315 7 50.0
415279_2 277 10 46.7
415280_1 323 8 50.0
415280_2 301 9 50.0
415281_1 234 4 42.5
415282_1 146 10 43.2
415282_2 147 6 27.2
415283_1 205 6 50.0
415283_2 206 8 50.0
415284_1 129 10 36.0
415284_2 130 3 32.2
415285_1 257 10 47.7
415285_2 258 1 41.8
415286_1 233 9 50.0
415286_2 234 5 47.8
415287_1 200 9 50.0
415287_2 206 4 45.3
416236_1 292 8 50.0
416236_2 288 8 50.0
416237_1 354 7 50.0
416237_2 255 10 48.5
416238_1 229 5 50.0
416238_2 230 4 48.3
416239_1 250 10 49.3
416239_2 226 10 46.7
416240_1 350 4 50.0
416240_2 347 10 49.7
416241_1 170 10 48.0
416241_2 172 4 41.8
422626_1 186 10 46.8
422626_2 189 5 34.7
422627_1 219 10 47.3
422627_2 221 3 29.5
422628_1 196 10 41.2
422628_2 198 6 40.7
422629_1 44 10 24.8
422629_2 49 4 11.8
422630_1 221 9 50.0
422630_2 222 9 49.0
423783_1 336 9 50.0
423783_2 190 10 43.8
423784_1 183 8 50.0
423784_2 185 5 27.5
423785_1 241 9 50.0
423785_2 244 7 44.8
423791_1 275 8 50.0
423791_2 281 8 49.3
423792_1 273 7 50.0
423792_2 253 10 43.3
423793_1 245 10 46.3
423793_2 248 4 47.3
423794_1 238 10 44.2
423794_2 202 4 31.2
423795_1 241 9 50.0
423795_2 190 10 46.2
426384_1 231 9 50.0
426384_2 192 10 42.0
426387_1 267 7 50.0
426387_2 268 6 46.0
426388_1 239 7 50.0
426388_2 243 6 45.3
426389_1 212 10 46.0
426389_2 214 9 49.2
426390_1 290 5 50.0
426390_2 212 10 42.7
426391_1 277 7 50.0
426391_2 235 10 46.5
426403_1 250 9 50.0
426403_2 251 4 45.2
426404_1 236 7 50.0
426404_2 231 10 49.5
426405_1 347 7 50.0
426405_2 203 10 45.0
426420_1 228 10 45.7
426420_2 229 4 46.0
426421_1 260 6 50.0
426421_2 261 8 48.8
426422_1 284 5 50.0
426422_2 239 9 50.0
426428_1 274 6 41.0
426428_2 250 9 41.0
426429_1 294 8 50.0
426429_2 295 6 49.5
426430_1 241 10 49.7
426430_2 218 10 45.7
426431_1 265 7 50.0
426431_2 227 10 46.2
426432_1 256 6 50.0
426432_2 135 10 37.0
426720_1 287 9 50.0
426720_2 149 10 39.3
426721_1 303 8 50.0
426721_2 239 10 47.3
426722_1 211 10 46.5
426722_2 204 10 49.2
430508_1 295 5 50.0
430508_2 250 6 50.0
430509_1 331 5 50.0
430509_2 119 10 34.5
430886_1 414 7 50.0
430886_2 411 8 50.0
430887_1 301 7 50.0
430887_2 302 7 49.2
430888_1 239 10 44.3
430888_2 243 3 42.5
430889_1 315 6 50.0
430889_2 317 3 48.2
430890_1 83 5 23.5
433558_1 370 4 50.0
433558_2 283 9 50.0
433559_1 69 10 23.8
433559_2 72 0 8.0
433560_1 332 7 50.0
433560_2 122 10 36.8
433561_1 262 6 50.0
433561_2 171 10 46.3
433562_1 292 6 50.0
433562_2 296 4 48.7
433563_1 317 7 50.0
433563_2 112 10 33.2
433564_1 222 10 47.5
433564_2 223 3 42.8
433565_1 206 10 45.2
433565_2 207 3 34.0
433566_1 205 10 49.3
433566_2 178 10 44.8
433567_1 277 7 50.0
433567_2 266 9 50.0
433568_1 338 10 49.8
433568_2 338 8 50.0
433569_1 330 8 50.0
433569_2 115 10 31.5
433570_1 298 9 49.8
433570_2 123 10 42.2
433571_1 142 10 43.7
433571_2 146 1 18.7
433572_1 327 8 50.0
433572_2 329 7 49.2
433573_1 351 5 50.0
433573_2 120 10 34.8
433574_1 184 10 43.0
433574_2 138 10 42.8
433575_1 162 10 46.3
433575_2 166 0 33.5
433576_1 58 10 18.8
433576_2 59 1 12.3
433577_1 146 3 32.8
433578_1 207 10 47.8
433578_2 210 5 46.0
433579_1 171 10 45.7
433579_2 165 10 47.7
433580_1 198 10 50.0
433580_2 199 5 45.5
433581_1 302 7 50.0
433581_2 192 10 41.7
433582_1 189 10 46.7
433582_2 191 5 36.5
433583_1 327 6 50.0
433583_2 188 10 39.0
433584_1 275 10 50.0
433584_2 231 10 49.0
433585_1 225 10 49.7
433585_2 227 8 49.0
433586_1 296 10 48.7
433586_2 300 7 49.7
433587_1 358 6 50.0
433587_2 261 9 50.0
433588_1 324 6 50.0
433588_2 264 6 50.0
433589_1 151 7 39.7
433589_2 164 3 34.2
433590_1 160 10 46.3
433590_2 166 4 41.3
433591_1 272 7 50.0
433591_2 141 10 33.3
433592_1 211 10 45.7
433592_2 212 3 34.8
433593_1 243 10 48.7
433593_2 225 10 44.7
433594_1 265 9 50.0
433594_2 153 10 35.0
433595_1 306 10 50.0
433595_2 307 4 47.7
433596_1 176 10 46.7
433596_2 178 6 41.0
433597_1 284 8 50.0
433597_2 78 10 28.0
433598_1 308 6 50.0
433598_2 147 10 36.0
433599_1 268 10 49.2
433599_2 188 10 43.0
433600_1 112 10 43.5
433600_2 113 0 20.8
433601_1 260 6 50.0
433601_2 261 5 47.7
433602_1 221 8 50.0
433602_2 172 10 43.3
433603_1 229 6 50.0
433603_2 231 0 39.5
433604_1 217 10 48.8
433604_2 220 5 47.8
433605_1 260 9 50.0
433605_2 231 10 49.8
433606_1 274 6 50.0
433606_2 277 4 48.3
434258_1 260 7 50.0
434258_2 261 3 44.8
434259_1 279 9 50.0
434259_2 283 5 48.0
434260_1 296 6 50.0
434260_2 297 4 47.5
434261_1 249 9 50.0
434261_2 252 1 42.8
434262_1 213 10 46.2
434262_2 214 2 32.7
434263_1 247 6 50.0
434263_2 249 4 43.0
434264_1 245 10 48.3
434264_2 249 6 48.5
439140_1 254 5 50.0
439140_2 252 9 50.0
439141_1 206 10 49.8
439141_2 208 6 47.8
439142_1 245 9 50.0
439142_2 104 10 31.8
439143_1 141 10 48.3
439143_2 142 6 34.3
439144_1 161 10 50.0
439144_2 165 6 27.7
439147_1 280 7 48.0
439147_2 215 10 44.2
439148_1 300 5 50.0
439148_2 283 10 48.2
439149_1 224 10 47.3
439149_2 157 10 38.0
439150_1 303 6 50.0
439150_2 304 3 50.0
439151_1 252 6 50.0
439151_2 255 9 49.7
441827_1 298 9 50.0
441827_2 297 10 50.0
441828_1 401 3 50.0
441828_2 248 10 42.8
441829_1 365 2 50.0
441829_2 275 10 44.5
446957_1 239 8 50.0
446957_2 243 9 44.3
446958_1 213 3 41.2
446958_2 210 10 37.7
446959_1 115 10 32.0
446959_2 119 2 21.7
446962_1 294 10 49.7
446962_2 297 4 49.2
446963_1 230 10 48.3
446963_2 184 10 45.0
446964_1 214 10 48.0
446964_2 215 6 46.0
446965_1 299 8 50.0
446965_2 278 7 50.0
446966_1 249 10 49.5
446966_2 198 10 45.5
446967_1 333 6 50.0
446967_2 334 8 49.5
446968_1 279 7 50.0
446968_2 222 10 44.0
450107_1 189 9 46.0
450107_2 191 4 37.5
450379_1 154 9 50.0
450379_2 155 5 39.2
450498_1 224 9 50.0
450498_2 225 1 31.0
450501_1 120 10 40.3
450501_2 121 4 33.8
452146_1 285 5 50.0
452146_2 289 4 48.3
452147_1 242 10 49.8
452147_2 243 3 43.5
452148_1 118 10 24.8
452148_2 119 1 15.3
452149_1 194 9 50.0
452149_2 197 3 38.3
452150_1 268 9 50.0
452150_2 270 4 48.3
452151_1 236 10 47.8
452151_2 240 2 47.8
452152_1 199 10 49.0
452152_2 203 1 34.7
455231_1 242 9 50.0
455231_2 226 10 47.0
455232_1 167 10 34.8
455232_2 168 4 30.7
455233_1 312 4 49.8
455233_2 186 10 40.3
455234_1 267 10 49.5
455234_2 271 7 49.8
455235_1 385 7 50.0
455235_2 246 5 50.0
455236_1 209 10 42.5
455236_2 211 3 37.5
455237_1 268 6 50.0
455237_2 187 10 44.7
456662_1 288 10 48.8
456662_2 88 10 29.5
456663_1 170 10 46.2
456663_2 171 4 34.5
456664_1 192 10 48.2
456664_2 195 7 40.8
456665_1 223 10 46.5
456665_2 118 10 30.2
456666_1 103 10 33.7
456666_2 104 2 15.2
456668_1 299 8 50.0
456668_2 225 10 46.8
461566_1 203 10 49.0
461566_2 207 4 39.5
461567_1 286 8 50.0
461567_2 289 9 49.8
461568_1 228 9 50.0
461568_2 226 9 50.0
461569_1 274 6 50.0
461569_2 275 9 49.8
461570_1 317 5 50.0
461570_2 260 10 44.8
463143_1 351 6 50.0
463143_2 287 6 50.0
463144_1 268 10 48.3
463144_2 273 2 39.0
463145_1 399 6 50.0
463145_2 127 10 29.0
463150_1 289 9 50.0
463150_2 154 10 35.7
463151_1 190 10 47.3
463151_2 189 10 43.0
463152_1 220 10 49.3
463152_2 223 8 48.3
463153_1 265 7 50.0
463153_2 142 6 32.8
463154_1 250 9 46.0
463154_2 234 10 40.3
464529_1 289 3 50.0
464529_2 292 5 48.8
464720_1 125 10 47.3
464720_2 129 1 20.5
464723_1 175 9 35.0
464723_2 163 4 33.0
464990_1 245 5 50.0
464991_1 203 10 50.0
464991_2 199 2 42.5
464992_1 277 9 50.0
464992_2 251 10 49.0
467883_1 276 10 49.0
467883_2 236 10 45.3
467884_1 258 8 50.0
467884_2 259 2 43.0
467885_1 224 9 50.0
467885_2 229 1 39.5
467886_1 315 7 50.0
467886_2 321 5 48.8
467887_1 103 10 27.0
467887_2 107 2 21.2
473315_1 203 3 43.7
473923_1 124 10 37.5
473923_2 125 1 17.3
473924_1 31 0 4.3
473925_1 293 7 50.0
473925_2 250 9 50.0
473926_1 262 7 50.0
473926_2 264 8 49.0
473927_1 268 9 50.0
473927_2 227 10 46.8
473928_1 311 7 50.0
473928_2 254 10 44.2
474467_1 229 8 32.0
474467_2 121 10 27.0
474468_1 309 5 50.0
474468_2 240 10 45.8
474469_1 246 7 50.0
474469_2 249 4 48.3
474470_1 174 10 43.7
474470_2 171 0 23.8
474471_1 268 9 50.0
474471_2 252 10 48.3
474477_1 274 8 50.0
474477_2 27 2 7.3
474478_1 187 8 23.0
474478_2 188 3 22.2
474479_1 234 7 50.0
474479_2 218 7 41.8
474480_1 280 5 50.0
474480_2 270 8 48.8
474481_1 304 6 50.0
474481_2 241 4 32.3
476596_1 228 10 49.5
476596_2 200 8 37.0
476598_1 173 10 42.8
476598_2 177 3 40.0
476599_1 241 10 48.2
476599_2 232 10 49.5
476600_1 174 10 44.3
476600_2 171 10 49.5
483126_1 201 8 42.0
483126_2 117 8 23.0
486520_1 209 10 49.0
486520_2 200 10 49.0
486522_1 191 10 46.3
486522_2 194 4 39.8
486523_1 246 7 50.0
486523_2 181 10 48.2
486526_1 188 6 50.0
486526_2 189 4 43.0
489213_1 221 6 50.0
489213_2 222 2 41.5
489214_1 220 10 50.0
489214_2 223 3 48.0
489215_1 171 10 43.7
489215_2 177 7 40.2
489216_1 248 9 50.0
489216_2 154 4 29.8
489217_1 139 10 41.3
489217_2 140 0 23.5
489221_1 214 9 50.0
489221_2 217 6 44.8
489222_1 240 9 50.0
489222_2 183 3 33.7
489223_1 225 8 50.0
489223_2 228 7 46.3
489224_1 249 8 50.0
489224_2 146 10 39.0
489225_1 251 10 47.5
489225_2 255 4 48.7
503363_1 270 7 50.2
503363_2 210 5 50.0
503364_1 229 7 50.0
503364_2 232 1 26.0
503365_1 361 8 50.0
503365_2 295 6 50.0
504779_1 180 9 50.0
504779_2 162 5 39.2
514025_1 183 4 29.0
514025_2 129 10 22.0
514026_1 303 6 50.0
514026_2 223 10 50.0
514027_1 222 6 50.0
514027_2 227 7 47.5
514035_1 301 8 50.0
514035_2 43 10 20.2
514036_1 236 6 50.0
514036_2 237 5 48.7
514037_1 266 9 50.0
514037_2 179 5 34.0
514038_1 299 7 50.0
514038_2 304 5 48.7
514039_1 312 4 50.0
514039_2 314 8 49.8
516206_1 191 10 41.2
516206_2 192 3 38.2
516207_1 208 10 49.5
516207_2 211 2 38.3
516208_1 286 9 50.0
516208_2 208 10 44.3
516209_1 132 10 38.7
516209_2 133 5 28.0
516210_1 211 10 46.2
516210_2 213 6 47.0
518956_1 216 5 32.0
518956_2 151 10 29.7
518957_1 233 8 50.0
518957_2 234 6 46.7
518958_1 231 10 49.2
518958_2 226 10 49.8
518959_1 269 8 50.0
518959_2 270 6 49.7
518960_1 236 9 50.0
518960_2 236 9 49.8
518961_1 158 10 40.8
518961_2 152 2 24.2
518962_1 288 5 50.0
518962_2 178 10 43.5
518963_1 289 6 50.0
518963_2 238 10 45.2
518964_1 280 6 50.0
518964_2 283 7 49.3
518965_1 252 9 50.0
518965_2 165 10 39.5
518966_1 320 4 50.0
518966_2 321 3 36.7
518967_1 238 10 50.0
518967_2 229 10 49.2
518968_1 321 6 50.0
518968_2 306 10 49.3
518969_1 271 6 50.0
518969_2 274 2 44.3
518970_1 231 10 49.5
518970_2 215 10 48.8
520592_1 248 10 48.5
520592_2 158 10 41.2
520593_1 372 6 50.0
520593_2 231 8 50.0
520594_1 373 8 50.0
520594_2 171 10 44.0
520600_1 253 9 50.0
520600_2 254 4 45.3
520601_1 230 10 47.5
520601_2 231 4 38.3
520602_1 206 10 47.0
520602_2 208 5 43.3
521218_1 300 7 50.0
521218_2 174 10 36.2
521219_1 237 10 48.3
521219_2 238 2 36.7
521220_1 298 4 50.0
521220_2 300 5 49.3
521221_1 220 10 46.2
521221_2 223 4 40.2
521222_1 271 8 50.0
521222_2 176 10 37.0
522246_1 184 10 48.7
522246_2 186 6 41.3
522247_1 188 10 47.5
522247_2 191 3 44.2
522248_1 250 7 50.0
522248_2 245 10 49.3
522249_1 199 10 48.3
522249_2 203 4 36.7
522250_1 253 6 50.0
522250_2 160 9 38.3
523732_1 247 7 50.0
523732_2 242 7 50.0
523733_1 225 6 50.0
523733_2 228 0 42.2
523734_1 270 5 50.0
523734_2 242 9 50.0
523804_1 328 6 50.0
523804_2 195 10 48.7
523805_1 249 7 50.0
523805_2 193 10 46.5
527014_1 231 6 50.0
527014_2 232 1 43.5
527015_1 259 8 50.0
527015_2 261 6 48.3
527016_1 328 5 50.0
527016_2 329 9 49.8
530427_1 131 10 40.5
530427_2 132 2 21.8
530428_1 235 7 50.0
530428_2 210 10 46.5
530429_1 257 8 50.0
530429_2 236 10 48.8
530430_1 200 10 49.5
530430_2 174 10 45.3
530431_1 218 9 50.0
530431_2 219 7 47.3
531631_1 260 7 50.0
531631_2 130 10 35.0
531632_1 250 4 50.0
531632_2 230 10 49.0
531633_1 222 10 50.0
531633_2 226 1 37.3
531634_1 237 10 50.0
531634_2 241 6 49.3
531983_1 298 5 50.0
531983_2 258 7 50.0
531984_1 220 10 48.7
531984_2 221 2 42.7
531985_1 61 10 22.0
531985_2 62 2 20.0
534209_1 288 6 50.0
534209_2 172 10 33.7
534210_1 238 9 50.0
534210_2 239 2 45.0
534214_1 36 3 10.7
534215_1 272 5 50.0
534215_2 257 9 50.0
534216_1 251 7 50.0
534216_2 252 4 45.7
534218_1 200 9 50.0
534218_2 201 2 47.8
534219_1 145 7 32.0
534219_2 138 3 27.2
534228_1 37 0 5.5
534229_1 287 5 50.0
534229_2 207 10 40.7
534230_1 211 10 46.7
534230_2 212 6 48.0
534231_1 220 8 50.0
534231_2 224 4 46.7
534232_1 182 10 45.3
534232_2 186 3 34.5
535794_1 262 8 50.0
535794_2 241 10 48.2
535795_1 304 3 50.0
535795_2 254 10 45.2
535796_1 188 10 45.7
535796_2 189 4 39.8
535797_1 289 5 50.0
535797_2 293 5 49.3
535798_1 329 6 50.0
535798_2 330 4 47.8
535799_1 232 10 49.8
535799_2 212 5 37.2
535800_1 236 9 50.0
535800_2 234 8 50.0
536929_1 211 9 50.0
536929_2 213 9 48.8
536930_1 269 9 50.0
536930_2 270 5 48.2
536931_1 260 6 50.0
536931_2 244 10 46.8
536932_1 418 5 50.0
536932_2 265 10 49.3
536933_1 267 7 50.0
536933_2 233 10 44.2
538069_1 91 10 30.5
538069_2 93 5 25.7
538070_1 262 7 50.0
538070_2 186 7 50.0
538071_1 177 10 46.2
538071_2 119 10 38.0
540168_1 204 8 50.0
540168_2 140 10 32.3
540169_1 154 9 40.0
540169_2 163 5 38.3
540170_1 220 10 49.8
540170_2 220 10 49.7
540171_1 294 7 50.0
540171_2 252 10 46.5
540172_1 281 9 50.0
540172_2 251 10 47.3
543881_1 200 10 47.5
543881_2 201 3 42.7
543882_1 237 9 50.0
543882_2 120 10 35.3
543888_1 153 10 39.3
543888_2 156 1 26.3
545656_1 195 10 48.5
545656_2 198 3 37.2
555892_1 163 10 47.0
555892_2 104 10 33.2
560923_1 190 9 50.0
560923_2 136 1 24.3
560924_1 315 5 50.0
560924_2 260 10 47.0
560925_1 249 9 50.0
560925_2 161 10 34.5
560926_1 264 10 49.8
560926_2 240 10 49.5
560927_1 241 9 50.0
560927_2 221 10 50.0
562439_1 135 8 42.0
562439_2 135 4 34.2
562440_1 280 4 50.0
562440_2 204 10 46.3
562441_1 12 2 6.3
562442_1 243 8 50.0
562442_2 199 10 45.0
562443_1 247 7 50.0
562443_2 248 8 49.7
564781_1 314 6 50.0
564781_2 293 9 50.0
564782_1 138 10 33.5
564782_2 139 1 19.8
564783_1 286 5 50.0
564783_2 288 5 49.7
564784_1 251 8 50.0
564784_2 255 4 42.3
564785_1 294 7 50.0
564785_2 274 10 45.7
565812_1 325 4 50.0
565812_2 316 9 50.0
565813_1 285 6 50.0
565813_2 158 10 36.0
565814_1 155 10 42.3
565814_2 157 3 28.2
565815_1 257 7 50.0
565815_2 258 5 47.5
565816_1 226 10 49.7
565816_2 227 3 47.3
566923_1 227 9 50.0
566923_2 231 5 46.8
566924_1 359 3 50.0
566924_2 273 10 44.2
566925_1 287 6 50.0
566925_2 253 10 46.5
566940_1 269 7 50.0
566940_2 274 4 43.0
566942_1 315 7 50.0
566942_2 227 10 44.3
566943_1 59 3 15.2
566944_1 227 10 48.3
566944_2 231 7 49.5
566945_1 298 10 49.2
566945_2 249 10 48.0
566946_1 175 10 38.7
566946_2 179 3 37.5
566947_1 181 8 50.0
566947_2 182 2 35.0
566948_1 129 7 20.0
566948_2 124 8 20.0
567358_1 208 10 46.3
567358_2 209 9 45.7
567359_1 279 8 50.0
567359_2 252 10 49.2
567360_1 260 9 49.8
567360_2 264 9 50.0
567368_1 315 4 50.0
567368_2 190 10 36.3
567369_1 191 10 43.3
567369_2 192 4 39.3
567370_1 343 5 50.0
567370_2 309 10 48.2
567371_1 234 9 50.0
567371_2 236 7 48.7
567372_1 205 10 49.2
567372_2 208 4 44.0
569240_1 258 10 49.5
569240_2 259 7 48.8
569241_1 269 10 48.8
569241_2 270 2 47.7
569242_1 185 10 43.8
569242_2 186 5 37.5
571145_1 198 10 45.2
571145_2 199 6 48.3
571146_1 248 9 50.0
571146_2 249 3 43.7
571147_1 244 7 50.0
571147_2 250 7 47.0
571947_1 272 8 50.0
571947_2 206 10 43.8
573014_1 305 5 50.0
573014_2 198 10 40.0
573015_1 170 10 46.8
573015_2 172 2 40.2
573016_1 74 10 26.7
573016_2 75 6 20.0
573017_1 222 9 50.0
573017_2 14 0 3.3
573018_1 247 5 50.0
573018_2 215 10 48.5
573022_1 70 10 23.8
573022_2 71 1 9.3
573023_1 266 7 50.0
573023_2 212 10 38.2
573024_1 329 7 50.0
573024_2 290 10 47.5
573025_1 220 10 49.7
573025_2 221 5 44.8
573026_1 274 5 50.0
573026_2 257 10 49.8
578614_1 331 7 50.0
578614_2 305 10 50.0
578615_1 170 10 48.0
578615_2 172 8 40.7
578616_1 269 6 50.0
578616_2 221 9 50.0
578617_1 138 10 37.8
578617_2 139 9 36.5
578618_1 234 9 50.0
578618_2 167 10 45.0
578619_1 233 9 50.0
578619_2 236 2 39.2
578620_1 243 8 50.0
578620_2 51 2 15.0
578621_1 293 7 50.0
578621_2 297 3 47.2
578622_1 230 6 31.0
578622_2 190 6 26.2
578623_1 165 10 39.7
578623_2 102 2 19.2
578624_1 169 10 23.5
578624_2 159 8 24.0
578625_1 253 8 50.0
578625_2 233 10 42.5
582188_1 250 6 50.0
582188_2 118 3 22.8
582189_1 188 6 33.0
582189_2 200 3 31.2
582190_1 131 8 32.0
582190_2 131 3 26.3
582191_1 123 8 28.5
587471_1 199 10 46.8
587471_2 201 3 40.3
587472_1 292 6 50.0
587472_2 132 10 31.2
587473_1 227 10 49.2
587473_2 228 6 47.0
587474_1 211 9 50.0
587474_2 136 10 34.2
587475_1 217 10 48.0
587475_2 221 8 44.0
589308_1 227 6 50.0
589308_2 228 4 48.2
589309_1 250 10 48.5
589309_2 165 10 48.0
589310_1 167 10 43.7
589310_2 157 10 48.8
592266_1 227 8 50.0
592266_2 228 4 47.7
593983_1 337 4 50.0
593983_2 181 9 50.0
593985_1 211 9 50.0
593985_2 215 5 46.3
597923_1 208 10 48.5
597923_2 209 4 37.8
597924_1 229 7 50.0
597924_2 230 9 47.7
597925_1 348 1 50.0
597925_2 187 10 44.8
597926_1 311 7 50.0
597926_2 171 10 34.2
597927_1 219 8 41.0
597927_2 190 9 41.0
597928_1 119 3 29.0
597928_2 96 10 24.7
597929_1 201 10 48.8
597929_2 203 9 49.7
601077_1 231 7 50.0
601077_2 135 10 39.7
601612_1 266 5 47.0
601612_2 275 5 47.0
601613_1 229 9 50.0
601613_2 230 8 48.7
602474_1 259 8 50.0
602474_2 238 2 35.8
602475_1 33 0 5.0
602476_1 302 9 50.0
602476_2 184 7 26.0
623573_1 269 8 50.0
623573_2 148 10 32.2
623574_1 252 9 50.0
623574_2 253 4 47.8
623575_1 247 9 50.0
623575_2 251 3 47.2
631138_1 236 10 49.8
631138_2 148 10 36.0
635653_1 320 5 50.0
635653_2 140 10 31.8
635654_1 223 9 49.3
635654_2 104 5 21.0
635655_1 223 7 50.0
635655_2 167 10 43.3
635656_1 238 10 48.7
635656_2 239 2 44.0
635657_1 307 4 50.0
635657_2 179 10 43.8
636159_1 269 7 50.0
636159_2 270 4 45.7
636160_1 300 8 50.0
636160_2 301 9 49.5
636161_1 243 9 50.0
636161_2 244 3 40.0
636162_1 316 8 50.0
636162_2 259 10 47.7
636163_1 217 9 50.0
636163_2 212 10 49.7
636533_1 269 6 50.0
636533_2 254 6 50.0
636534_1 159 10 44.3
636534_2 163 7 44.8
636535_1 303 6 50.0
636535_2 278 10 47.7
643665_1 228 7 50.0
643665_2 230 4 44.8
643667_1 294 8 50.0
643667_2 236 9 50.0
643669_1 183 10 46.0
643669_2 187 3 35.5
643675_1 144 10 42.7
643675_2 145 1 30.8
643677_1 163 10 39.8
643677_2 167 3 34.0
645635_1 224 9 50.0
645635_2 98 10 41.0
645637_1 232 8 50.0
645637_2 195 10 47.8
645639_1 229 6 50.0
645639_2 229 9 50.0
645641_1 261 7 49.0
645641_2 189 4 30.0
645643_1 242 7 50.0
645643_2 243 6 49.8
647249_1 304 8 50.0
647249_2 232 10 49.7
647251_1 359 5 50.0
647251_2 362 1 43.5
647253_1 303 9 50.0
647253_2 304 6 49.5
647255_1 295 8 50.0
647255_2 27 0 4.2
647259_1 350 6 50.0
647259_2 351 4 49.5
647261_1 383 6 50.0
647261_2 326 10 45.2
648651_1 358 4 50.0
648651_2 217 10 41.0
648653_1 280 6 49.0
648653_2 146 10 35.2
648655_1 301 8 50.0
649091_1 183 10 49.8
649091_2 182 10 46.5
649093_1 209 10 49.7
649093_2 143 10 40.7
649095_1 259 8 50.0
649095_2 191 10 44.5
649097_1 266 5 50.0
649097_2 238 10 49.3
649099_1 268 7 50.0
649099_2 151 10 35.5
656399_1 331 6 50.0
656399_2 233 10 46.2
656401_1 342 9 50.0
656401_2 231 10 41.8
656403_1 339 4 50.0
656403_2 277 10 48.3
656405_1 300 7 50.0
656405_2 224 10 47.0
656407_1 304 7 50.0
656407_2 307 6 45.8
656409_1 142 10 36.3
656409_2 146 7 24.8
656411_1 267 10 50.0
656411_2 162 10 42.8
656413_1 285 7 50.0
656413_2 286 6 48.0
656415_1 123 10 33.3
656415_2 125 2 12.3
656417_1 310 7 50.0
656417_2 160 10 39.0
656421_1 232 10 49.7
656421_2 236 6 48.3
656423_1 307 7 50.0
656423_2 177 10 40.3
656425_1 303 8 50.0
656425_2 184 10 42.3
656427_1 372 2 50.0
656427_2 289 10 44.5
656429_1 278 9 50.0
656429_2 279 8 49.3
656431_1 210 10 50.0
656431_2 211 9 49.5
656433_1 332 1 50.0
656433_2 240 10 47.0
656435_1 408 5 50.0
656435_2 151 10 33.2
656437_1 151 10 32.3
656437_2 152 9 23.2
656439_1 102 10 31.5
656439_2 104 1 18.8
656441_1 309 6 50.0
656441_2 312 1 47.3
656443_1 235 7 50.0
656443_2 215 10 49.7
656445_1 411 4 50.0
656445_2 210 10 45.0
656447_1 339 6 50.0
656447_2 210 8 50.0
656449_1 417 6 50.0
656449_2 142 10 37.5
656451_1 318 8 50.0
656451_2 322 4 48.2
656453_1 182 10 44.3
656453_2 185 6 39.2
656455_1 222 10 46.7
656455_2 202 10 33.5
656457_1 331 8 50.0
656457_2 326 10 49.5
656459_1 186 10 47.7
656459_2 188 4 36.2
656461_1 376 9 50.0
656461_2 312 10 46.3
656463_1 275 7 50.0
656463_2 260 10 48.5
656465_1 259 10 49.0
656465_2 260 2 36.8
656467_1 363 9 50.0
656467_2 215 10 43.2
656469_1 341 6 50.0
656469_2 195 9 47.5
656471_1 288 7 50.0
656471_2 290 7 48.8
656473_1 111 7 36.3
656473_2 101 1 18.2
656475_1 287 10 48.8
656475_2 288 4 48.7
656477_1 130 10 25.7
656477_2 133 3 15.3
656479_1 175 10 47.7
656479_2 176 4 30.5
656481_1 237 10 50.0
656481_2 241 3 46.2
656483_1 133 10 37.3
656483_2 134 1 18.0
656485_1 302 6 50.0
656485_2 193 10 45.0
656487_1 213 10 49.8
656487_2 216 4 33.8
656489_1 393 6 50.0
656489_2 250 10 30.5
656491_1 281 5 43.0
656491_2 299 6 42.8
656493_1 328 7 50.0
656493_2 233 10 46.8
656495_1 183 10 45.0
656495_2 186 3 33.2
657637_1 322 5 50.0
657637_2 311 10 49.7
657639_1 284 4 50.0
657639_2 287 8 49.7
657641_1 326 5 50.0
657641_2 213 10 44.7
657643_1 225 10 48.8
657643_2 226 2 41.2
657645_1 232 10 49.5
657645_2 235 8 49.7
659549_1 244 7 50.0
659549_2 246 3 48.3
659551_1 299 4 50.0
659551_2 209 10 42.7
659553_1 260 6 50.0
659553_2 152 10 40.0
660825_1 143 10 27.8
660825_2 62 1 10.0
660827_1 67 10 24.7
660827_2 70 1 10.7
660837_1 223 9 50.0
660837_2 225 9 49.8
661685_1 156 10 42.2
661685_2 157 8 27.5
661689_1 283 4 21.0
661689_2 124 5 21.0
661691_1 285 6 50.0
661691_2 134 5 33.7
661693_1 363 4 50.0
661693_2 160 10 29.8
667641_1 292 7 50.0
667641_2 268 10 48.7
667643_1 271 7 42.0
667643_2 277 9 41.5
667645_1 314 10 50.0
667645_2 314 9 50.0
667647_1 278 5 50.0
667647_2 280 3 48.2
667649_1 303 5 50.0
667649_2 216 10 49.7
667723_1 304 6 50.0
667723_2 161 10 38.2
667725_1 227 10 50.0
667725_2 228 4 43.0
667727_1 206 10 49.5
667727_2 212 1 30.5
667729_1 294 7 50.0
667729_2 253 10 48.7
667889_1 247 6 39.0
667889_2 144 10 27.8
667891_1 256 8 50.0
667891_2 99 10 26.2
667893_1 67 10 24.0
667893_2 73 0 12.2
667895_1 300 9 50.0
667895_2 293 8 50.0
667897_1 219 10 48.2
667897_2 222 4 48.3
668953_1 265 10 49.8
668953_2 162 9 29.8
668955_1 247 10 49.0
668955_2 207 10 46.7
668957_1 307 5 50.0
668957_2 309 6 49.3
668961_1 288 9 50.0
668961_2 13 1 4.3
668963_1 138 1 23.0
668963_2 203 6 23.0
668965_1 211 8 33.0
668965_2 126 6 25.0
676529_1 211 10 48.8
676529_2 212 4 35.3
676531_1 288 7 50.0
676531_2 289 8 49.5
676533_1 263 5 50.0
676533_2 266 5 46.2
684679_1 167 6 20.0
684679_2 133 9 20.0
685731_1 218 9 50.0
685731_2 195 10 48.2
685733_1 262 10 45.0
685733_2 261 6 45.0
685735_1 179 10 46.8
685735_2 181 6 38.7
690355_1 180 10 40.0
690355_2 167 10 39.3
690357_1 289 6 50.0
690357_2 228 10 43.0
690359_1 240 8 50.0
690359_2 246 4 47.5
696731_1 341 9 50.0
696731_2 171 10 39.3
696733_1 265 6 50.0
696733_2 266 6 35.7
696747_1 210 10 50.0
696747_2 212 2 36.7
696759_1 260 10 50.0
696759_2 261 7 49.5
702139_1 202 10 49.3
702139_2 205 6 36.7
706767_1 219 8 50.0
706767_2 140 10 39.8
710291_1 296 6 50.0
710291_2 284 10 48.8
710293_1 279 7 50.0
710293_2 280 4 49.0
710295_1 248 8 50.0
710295_2 176 10 47.3
710297_1 264 9 50.0
710297_2 265 8 49.3
710299_1 254 6 50.0
710299_2 222 10 47.8
710301_1 245 8 50.0
710301_2 249 9 49.7
710303_1 253 6 50.0
710303_2 124 10 38.7
710305_1 326 3 50.0
710305_2 329 7 49.8
710307_1 159 10 45.3
710307_2 160 2 32.3
710309_1 204 9 50.0
710309_2 208 7 49.0
710311_1 260 5 50.0
710311_2 261 5 46.3
722339_1 279 8 48.3
722339_2 164 10 28.3
722341_1 439 2 50.0
722341_2 291 7 50.0
722343_1 122 10 33.7
722343_2 124 1 24.7
722345_1 262 8 50.0
722345_2 266 9 48.5
722347_1 361 5 42.0
722347_2 230 10 37.7
727919_1 255 8 50.0
727919_2 162 10 36.5
727921_1 215 10 49.5
727921_2 217 5 43.3
727923_1 231 9 50.0
727923_2 230 10 50.0
727935_1 172 10 40.5
727935_2 173 3 36.7
727937_1 221 10 49.8
727937_2 225 7 44.3
727939_1 241 9 50.0
727939_2 243 2 45.7
730083_1 304 5 50.0
730083_2 229 10 40.5
730085_1 267 10 49.3
730085_2 180 10 38.2
730087_1 339 5 50.0
730087_2 257 10 44.5
730287_1 217 9 50.0
730287_2 219 7 39.7
730289_1 247 7 50.0
730289_2 70 10 24.7
730291_1 338 7 50.0
730291_2 247 8 50.0
736437_1 309 3 50.0
736437_2 216 10 49.8
736439_1 257 10 49.7
736439_2 196 10 49.2
736441_1 165 10 39.8
736441_2 171 3 27.3
736443_1 350 6 50.0
736443_2 152 10 39.5
736445_1 327 7 50.0
736445_2 328 3 46.7
736447_1 231 10 49.8
736447_2 170 10 38.5
736449_1 209 9 50.0
736449_2 211 7 48.0
736451_1 282 7 50.0
736451_2 220 10 44.0
736453_1 271 6 50.0
736453_2 208 10 47.3
736455_1 217 9 50.0
736455_2 221 4 40.8
736503_1 302 5 50.0
736503_2 232 10 44.5
736511_1 157 10 45.3
736511_2 158 8 48.5
742619_1 246 7 50.0
742619_2 250 7 49.5
742621_1 252 10 48.5
742621_2 255 6 46.0
742623_1 364 7 50.0
742623_2 217 10 38.3
742625_1 299 5 50.0
742625_2 292 8 50.0
742627_1 275 4 50.0
742627_2 207 10 43.5
743943_1 408 9 50.0
743943_2 198 10 31.2
743945_1 398 5 50.0
743945_2 365 9 46.0
743947_1 302 10 45.3
743947_2 306 7 49.0
743949_1 349 7 50.0
743949_2 350 3 44.0
743951_1 283 9 50.0
743951_2 192 7 25.0
743973_1 222 6 40.3
743973_2 157 10 23.7
743977_1 305 6 50.0
743977_2 246 10 45.5
743979_1 309 8 49.0
743979_2 245 10 42.5
743981_1 300 8 50.0
743981_2 207 10 44.0
743983_1 299 7 50.0
743983_2 304 7 48.3
743985_1 138 10 33.0
743985_2 140 2 24.3
744679_1 272 9 50.0
744679_2 153 3 24.8
744681_1 105 10 25.5
744681_2 58 10 17.7
744683_1 119 9 34.3
745159_1 275 7 45.0
745159_2 277 6 44.8
745161_1 310 9 50.0
745161_2 233 10 43.8
745163_1 102 10 32.2
745163_2 104 3 18.3
749771_1 230 10 45.2
749771_2 236 4 48.2
749773_1 282 9 50.0
749773_2 210 10 46.5
749775_1 157 3 30.7
749781_1 218 9 50.0
749781_2 219 7 43.0
749783_1 248 10 50.0
749783_2 252 4 47.7
749785_1 145 3 28.8
749787_1 276 10 49.5
749787_2 280 6 48.2
749789_1 360 5 50.0
749789_2 252 10 43.7
749791_1 315 8 50.0
749791_2 195 10 40.5
749793_1 287 6 50.0
749793_2 253 10 45.3
749795_1 210 10 45.5
749795_2 213 3 39.5
749797_1 369 5 50.0
749797_2 250 10 43.2
750663_1 317 6 50.0
750663_2 292 10 47.2
750665_1 185 10 43.0
750665_2 186 2 34.3
750667_1 242 8 35.0
750667_2 236 5 33.7
750669_1 265 10 50.0
750669_2 267 4 49.7
750671_1 239 10 49.0
750671_2 240 5 49.2
750673_1 292 7 50.0
750673_2 202 10 41.5
750675_1 302 6 50.0
750675_2 215 10 45.8
754723_1 300 8 50.0
754723_2 268 10 48.2
754725_1 154 10 41.7
754725_2 157 7 27.7
754727_1 329 5 50.0
754727_2 256 9 44.5
754729_1 267 8 50.0
754729_2 268 7 49.0
754731_1 280 6 50.0
754731_2 275 8 47.2
754749_1 267 8 50.0
754749_2 269 6 49.0
754751_1 234 10 47.8
754751_2 235 7 39.8
754753_1 153 10 39.5
754753_2 156 1 27.5
754755_1 303 8 50.0
754755_2 304 7 49.8
754757_1 69 2 16.0
754759_1 200 10 48.2
754759_2 201 7 46.8
754761_1 278 8 50.0
754761_2 166 10 39.2
756037_1 256 7 50.0
756037_2 257 2 43.5
756039_1 261 8 50.0
756039_2 264 8 49.7
756041_1 259 10 49.2
756041_2 159 10 38.0
760787_1 281 7 50.0
760787_2 194 10 42.2
760789_1 251 7 50.0
760789_2 183 10 44.8
760791_1 297 6 50.0
760791_2 173 10 39.8
760793_1 256 8 50.0
760793_2 235 8 50.0
760795_1 128 10 30.0
760795_2 130 5 24.5
760889_1 56 4 18.0
770121_1 321 6 50.0
770121_2 197 10 41.0
770123_1 263 7 50.0
770123_2 215 10 46.5
770127_1 330 6 50.0
770127_2 271 10 48.2
792289_1 363 5 50.0
792289_2 194 10 39.3
792291_1 274 8 50.0
792291_2 275 4 44.5
792293_1 242 10 48.3
792293_2 245 4 44.2
792295_1 404 5 50.0
792295_2 251 10 43.2
792297_1 286 8 50.0
792297_2 288 7 48.7
800469_1 399 9 50.0
800469_2 250 5 33.5
800471_1 262 7 50.0
800471_2 263 5 46.3
800473_1 318 8 50.0
800473_2 319 3 46.3
800475_1 262 10 47.8
800475_2 266 9 47.3
800477_1 236 10 45.0
800477_2 237 5 44.0
803795_1 248 6 50.0
803795_2 249 5 48.7
803797_1 280 8 50.0
803797_2 282 4 48.3
810829_1 216 9 50.0
810829_2 220 7 46.5
810833_1 246 8 50.0
810833_2 175 10 43.5
812623_1 237 8 45.0
812623_2 240 2 38.0
812645_1 213 7 50.0
812645_2 63 10 18.5
817207_1 160 10 36.5
817207_2 164 2 31.2
817209_1 162 10 46.0
817209_2 167 3 27.7
817211_1 168 9 40.0
817211_2 170 1 26.2
848843_1 304 7 50.0
848843_2 284 10 48.2
848845_1 204 10 49.5
848845_2 207 2 44.5
848847_1 283 7 50.0
848847_2 221 10 49.3
858485_1 329 6 50.0
858485_2 250 10 45.3
858487_1 239 6 50.0
858487_2 240 3 38.2
858489_1 250 10 49.0
858489_2 251 2 39.5
860269_1 255 8 50.0
860269_2 259 4 45.3
860271_1 287 8 50.0
860271_2 288 8 48.2
860273_1 316 4 50.0
860273_2 181 10 41.2
860275_1 256 9 50.0
860275_2 257 3 40.8
860277_1 368 4 50.0
860277_2 203 10 37.3
868727_1 375 3 50.0
868727_2 334 5 50.0
868729_1 268 7 50.0
868729_2 269 4 47.3
868731_1 296 9 50.0
868731_2 68 0 9.0
870731_1 307 10 49.7
870731_2 228 10 46.0
870733_1 200 10 45.0
870733_2 200 4 38.0
870735_1 317 6 50.0
870735_2 240 10 47.0
885959_1 255 6 50.0
885959_2 251 7 50.0
885965_1 271 8 50.0
885965_2 209 10 49.0
885967_1 276 5 50.0
885967_2 193 10 42.7
894287_1 303 4 50.0
894287_2 304 3 49.0
894289_1 235 9 50.0
894289_2 236 0 42.3
894291_1 273 6 50.0
894291_2 235 10 47.7
895807_1 309 3 50.0
895807_2 310 5 49.3
895809_1 308 8 50.0
895809_2 309 3 49.0
895811_1 295 6 50.0
895811_2 296 7 48.8
895813_1 348 8 50.0
895813_2 323 10 49.3
895815_1 330 7 50.0
895815_2 331 4 49.7
902641_1 216 10 49.7
902641_2 217 4 43.7
902643_1 283 5 50.0
902643_2 188 10 45.8
902645_1 208 10 49.8
902645_2 210 4 41.0
902647_1 355 5 50.0
902647_2 271 10 40.7
903593_1 303 5 50.0
903593_2 298 7 50.0
903595_1 247 9 50.0
903595_2 225 10 43.7
903597_1 270 7 50.0
903597_2 252 6 50.0
903599_1 299 8 50.0
903599_2 264 9 50.0
903601_1 438 5 50.0
903601_2 224 10 36.0
911049_1 298 5 50.0
911049_2 209 10 42.5
913621_1 377 8 50.0
913621_2 241 10 45.0
913623_1 286 9 50.0
913623_2 286 8 50.0
913625_1 254 7 50.0
913625_2 256 0 34.2
913627_1 248 9 50.0
913627_2 16 1 4.0
913629_1 305 5 42.0
913629_2 309 4 40.2
913631_1 324 7 50.0
913631_2 202 10 42.7
913649_1 337 6 47.0
913649_2 82 10 23.7
913653_1 260 6 50.0
913653_2 194 3 34.5
913655_1 251 10 49.8
913655_2 255 6 47.5
913657_1 444 3 50.0
913657_2 275 10 42.7
913659_1 247 8 50.0
913659_2 252 6 48.0
913661_1 302 9 50.0
913661_2 304 6 48.3
914207_1 188 10 47.0
914207_2 191 3 21.0
914209_1 117 10 27.7
914209_2 118 0 8.3
914211_1 276 8 50.0
914211_2 277 2 46.3
914213_1 75 3 9.0
914215_1 294 5 50.0
914215_2 258 10 47.2
914227_1 280 9 50.0
914227_2 210 10 46.0
914231_1 307 8 50.0
914231_2 148 10 24.3
914233_1 281 9 50.0
914233_2 283 6 46.5
914235_1 246 10 45.5
914235_2 191 10 43.7
914265_1 290 10 47.5
914265_2 265 7 42.7
915777_1 159 8 26.0
915777_2 164 9 24.8
915779_1 214 10 37.7
915779_2 225 2 36.5
915781_1 206 9 36.0
915781_2 180 5 32.5
919607_1 259 6 50.0
919607_2 128 10 37.0
919609_1 276 6 50.0
919609_2 256 8 48.0
919611_1 161 10 38.8
919611_2 162 3 34.0
919613_1 219 8 50.0
919613_2 222 8 49.0
919615_1 268 7 50.0
919615_2 270 5 48.5
919617_1 187 10 49.3
919617_2 189 8 46.8
924627_1 122 10 34.2
924627_2 126 2 23.3
924629_1 271 6 50.0
924629_2 213 10 46.7
924633_1 184 8 50.0
924633_2 185 7 46.7
931390_1 273 9 50.0
931390_2 128 9 36.2
931392_1 241 9 50.0
931392_2 183 10 43.3
931394_1 276 9 50.0
931394_2 215 10 43.5
932849_1 188 10 46.8
932849_2 191 6 48.2
932851_1 116 10 32.5
932851_2 117 4 25.7
932853_1 189 9 50.0
932853_2 142 10 34.3
932855_1 288 6 50.0
932855_2 252 10 47.7
932857_1 265 7 50.0
932857_2 266 6 45.7
932859_1 343 4 50.0
932859_2 204 10 38.0
932861_1 8 0 1.0
932863_1 282 8 50.0
932863_2 283 4 48.7
932865_1 285 10 49.8
932865_2 185 10 46.0
932867_1 270 9 50.0
932867_2 212 10 45.7
936131_1 354 5 50.0
936131_2 148 10 30.8
936133_1 198 10 43.8
936133_2 199 1 30.0
936135_1 294 9 50.0
936135_2 295 4 36.3
936137_1 361 6 50.0
936137_2 219 10 37.7
936139_1 371 6 50.0
936139_2 372 6 49.3
936141_1 167 10 36.7
936141_2 168 4 35.5
936143_1 327 8 50.0
936143_2 296 10 48.3
936159_1 181 10 48.5
936159_2 185 2 34.3
936161_1 307 6 50.0
936161_2 186 10 37.8
936163_1 163 10 39.3
936163_2 164 3 32.0
936165_1 367 5 50.0
936165_2 327 10 48.2
936167_1 384 6 50.0
936167_2 296 8 50.0
953335_1 131 10 38.8
953335_2 82 10 30.8
953337_1 253 7 50.0
953337_2 254 6 47.7
953339_1 175 10 48.5
953339_2 58 10 16.2
953341_1 226 10 49.2
953341_2 161 10 45.0
953343_1 248 10 49.8
953343_2 254 8 49.7
995457_1 227 8 50.0
995457_2 228 7 46.8
995459_1 288 10 48.8
995459_2 206 10 47.3
995461_1 226 10 49.3
995461_2 227 8 46.0
995463_1 212 10 50.0
995463_2 217 4 31.0
995465_1 195 10 40.3
995465_2 199 5 43.0
997961_1 250 10 49.3
997961_2 211 10 48.3
997965_1 229 7 50.0
997965_2 150 10 41.0
997967_1 265 5 50.0
997967_2 253 9 50.0
997993_1 327 5 50.0
997993_2 229 10 43.5
997995_1 228 10 45.7
997995_2 229 3 47.7
